6.961700000e+004
7.792000000e+004
8.727700000e+004
7.890700000e+004
8.516800000e+004
8.901400000e+004
8.722200000e+004
6.908100000e+004
8.096900000e+004
8.782000000e+004
9.367200000e+004
8.313600000e+004
7.970300000e+004
8.901500000e+004
1.010660000e+005
8.568800000e+004
9.520200000e+004
1.041010000e+005
9.727900000e+004
8.104400000e+004
8.630400000e+004
9.535800000e+004
1.027780000e+005
8.373200000e+004
8.908900000e+004
9.845500000e+004
1.004550000e+005
9.411300000e+004
9.976900000e+004
1.023940000e+005
1.063740000e+005
8.632900000e+004
9.004500000e+004
1.091410000e+005
1.038230000e+005
9.251000000e+004
9.038700000e+004
1.006420000e+005
9.785400000e+004
1.082690000e+005
1.060810000e+005
1.152710000e+005
1.149390000e+005
9.025100000e+004
1.000320000e+005
1.247170000e+005
1.207230000e+005
1.076690000e+005
9.605200000e+004
1.072060000e+005
1.188030000e+005
1.144270000e+005
1.150110000e+005
1.254640000e+005
1.400560000e+005
1.065460000e+005
1.178540000e+005
1.332480000e+005
1.357120000e+005
1.223490000e+005

