-2.849890
-13.068685
-17.806085
-27.807277
-20.507640
-15.292171
-9.351052
-17.115459
-32.344270
-28.472023
-6.717508
-4.567017
-17.412924
-25.230844
-32.279504
-37.705091
-37.925748
-53.921135
-54.927157
-40.111164
-9.724752
-5.993471
-32.275170
-26.472103
-17.589720
3.157011
2.363657
9.819306
-10.439472
-26.759659
-22.769701
-7.974196
-7.738200
-3.498572
-17.438231
-26.321624
-11.825090
9.443456
-2.182853
-6.326159
12.392346
32.667120
42.482685
51.866418
38.520405
25.199478
43.485708
50.161802
49.822677
44.609773
53.863303
68.416379
73.109390
67.219933
82.329374
98.115567
104.122910
99.454558
99.361247
93.325951
103.817110
95.219741
104.302310
90.084434
92.971912
93.737610
98.045948
85.474478
90.295725
96.088865
92.231917
88.641351
100.737690
94.812424
111.315330
104.423420
104.118590
88.816532
110.036670
111.481020
110.136850
102.010220
87.488068
82.130021
77.404630
79.724011
64.772771
72.040689
101.906600
68.122805
68.354042
61.155335
77.773171
70.001446
80.304772
69.914320
74.100952
75.164369
77.221845
70.641488
68.483096
53.390642
56.506342
51.113370
60.745687
39.970609
59.552837
49.768933
66.911505
38.139109
35.015853
33.527120
25.838842
1.326063
-8.831996
-6.722133
-1.982963
-19.472227
-23.130531
-51.313637
-29.615700
-44.823506
-46.159716
-55.743076
-59.938836
-74.281889
-80.475435
-87.589639
-93.861412
-87.782223
-87.033435
-85.323278
-95.082350
-122.572220
-108.578700
-117.990920
-109.543880
-118.986900
-122.951970
-136.409780
-131.371130
-137.051400
-144.805250
-130.417950
-136.219330
-123.466020
-145.719790
-137.725320
-124.027420
-114.335250
-119.439340
-150.352530
-157.237470
-152.820580
-131.743760
-137.059750
-118.222510
-107.861770
-109.713510
-111.177330
-100.605310
-87.838319
-67.391723
-64.042080
-67.017039
-81.545806
-86.496971
-89.806399
-79.170173
-97.224182
-77.805842
-68.765998
-54.781056
-82.345125
-80.077288
-83.450947
-87.658530
-98.753936
-111.376950
-120.750700
-122.720640
-125.842550
-149.513050
-157.639490
-124.831080
-111.852470
-110.863850
-137.136920
-142.964380
-153.509340
-140.579150
-148.909050
-149.843250
-155.275880
-152.503380
-141.196730
-146.058770
-169.591130
-159.368450
-151.538990
-135.984530
-146.475060
-155.353470
-163.800820
-154.709980
-156.419200
-168.388950
-186.305420
-186.775850
-172.239650
-149.416430
-168.746270
-174.848640
-158.255590
-129.837650
-126.144070
-134.484790
-154.791760
-157.183300
-140.282290
-133.213590
-140.530510
-146.388160
-128.301540
-112.409680
-113.062180
-118.158130
-103.729620
-80.079697
-70.416804
-73.874401
-96.748008
-114.888810
-98.024775
-92.382365
-82.668100
-107.223210
-94.383961
-89.456997
-68.281087
-80.963663
-69.034097
-64.687300
-63.603992
-72.774938
-73.261928
-82.061725
-92.283663
-99.874076
-92.930409
-100.600170
-95.054249
-103.447680
-96.858695
-108.386900
-87.685042
-77.422872
-72.597883
-95.922358
-103.945060
-110.197770
-117.867180
-115.647460
-113.065070
-125.801260
-115.260710
-112.932770
-109.391000
-124.870290
-100.460580
-99.059872
-94.659193
-99.695325
-107.590210
-120.873460
-126.392460
-131.713790
-132.338330
-126.997460
-107.724500
-119.704490
-132.207600
-145.882920
-129.849600
-154.545520
-144.699590
-136.112940
-126.429650
-145.657810
-151.684360
-163.449060
-167.559800
-160.697790
-150.316640
-149.414980
-145.676900
-145.162920
-129.987970
-144.149400
-141.390610
-145.264790
-150.716020
-164.378700
-172.332380
-191.546470
-201.549700
-192.441130
-189.257190
-189.525690
-190.284130
-195.550150
-196.049950
-191.860050
-188.516190
-205.496780
-205.235910
-203.446500
-196.284270
-207.150420
-219.145250
-222.087990
-217.481590
-208.077930
-212.914010
-205.313790
-196.458410
-192.403010
-184.711860
-176.426340
-171.990450
-186.353460
-206.466360
-206.622280
-189.797220
-195.062060
-200.106780
-199.241450
-192.489410
-184.469840
-180.721850
-190.741740
-169.550780
-158.731160
-166.962170
-174.856610
-181.452220
-192.828520
-195.549880
-195.073670
-182.275660
-199.818300
-191.447520
-182.010750
-175.261410
-204.148850
-186.709080
-176.641630
-172.578540
-188.059980
-193.052660
-212.730760
-218.099540
-216.081300
-206.645420
-225.412950
-214.214990
-206.549320
-205.698050
-233.712010
-212.174170
-206.935040
-200.489080
-205.317760
-207.304520
-219.943120
-218.136180
-209.546260
-194.299450
-226.743670
-215.060820
-205.723060
-188.262850
-219.901940
-203.283610
-199.892160
-185.231510
-210.279670
-215.604440
-238.539340
-243.225300
-244.022350
-253.947390
-242.060370
-218.721060
-215.897070
-241.739860
-269.321310
-244.234740
-247.173990
-242.599140
-253.288720
-241.671100
-245.262700
-241.644470
-226.067250
-221.617060
-217.103780
-201.971960
-217.152110
-209.661000
-218.782240
-208.417740
-219.806390
-205.629830
-214.297360
-203.596950
-229.085100
-227.967500
-229.498370
-232.445020
-244.131210
-235.471680
-248.906640
-234.726600
-249.275980
-242.037550
-248.419580
-233.478120
-241.526910
-248.851100
-264.131200
-252.985080
-259.017280
-265.440920
-277.896040
-269.331780
-276.947370
-271.008650
-286.259140
-266.337880
-288.913470
-285.038880
-293.627450
-278.030260
-298.981740
-307.550190
-319.435280
-306.796940
-319.805460
-338.475140
-341.830130
-317.634410
-322.675500
-323.824280
-348.469970
-339.919140
-336.564730
-331.805850
-339.967750
-337.027080
-342.880450
-354.742920
-363.451900
-364.337680
-366.407630
-360.425440
-367.852660
-376.002600
-396.227620
-385.197270
-392.731530
-378.509510
-394.849630
-401.587620
-405.629210
-391.493480
-377.602160
-378.846090
-394.709450
-368.755010
-372.986860
-359.875080
-402.597560
-404.520460
-399.108850
-373.641430
-383.177770
-393.460380
-401.493120
-389.670230
-375.307290
-366.340830
-378.825910
-350.045990
-341.250010
-343.520790
-364.155690
-343.585360
-342.585050
-328.301530
-345.264020
-322.789180
-319.904200
-312.444970
-312.450920
-287.899020
-305.578000
-305.559140
-310.853420
-265.801940
-268.794000
-265.727380
-253.874170
-239.841350
-257.436060
-270.856090
-264.253070
-220.127310
-210.207400
-209.878970
-231.587310
-225.766750
-224.694580
-213.480040
-203.607320
-192.868540
-190.316390
-174.436710
-175.561770
-181.635570
-191.210150
-180.853520
-179.950860
-176.173630
-201.986360
-203.864880
-205.465650
-183.173970
-190.441990
-185.946690
-186.634970
-167.301800
-166.988620
-166.243640
-184.786590
-187.161170
-176.180870
-155.966190
-168.795370
-159.893620
-163.863760
-155.822970
-163.656770
-147.372260
-147.607930
-145.997650
-142.948220
-134.671110
-141.750010
-130.931870
-117.561050
-104.594190
-123.255440
-123.258310
-129.900270
-109.046750
-139.661630
-118.844190
-121.666620
-119.478610
-112.766470
-125.526470
-121.432700
-96.882953
-93.696485
-85.588218
-83.676468
-51.449459
-61.232851
-50.259505
-69.534132
-58.591397
-68.145105
-54.869910
-59.987562
-53.327674
-79.558351
-79.939829
-88.291932
-79.431323
-110.895680
-105.003600
-94.481464
-82.011786
-100.373680
-105.437660
-108.823390
-89.643130
-105.791240
-109.107830
-126.880500
-120.942250
-125.552920
-110.045890
-116.714140
-110.341940
-96.727745
-103.871360
-116.039450
-97.397586
-97.763680
-80.039784
-119.115250
-126.586400
-127.510680
-105.379140
-136.971310
-138.038980
-151.198600
-142.967480
-150.396050
-168.137330
-183.513000
-163.197990
-152.356050
-168.110230
-176.266350
-158.114450
-149.235540
-137.793520
-150.204380
-153.975530
-155.807270
-147.768800
-139.546180
-162.507910
-169.926410
-166.679270
-165.976750
-185.427950
-165.510590
-147.340140
-138.051740
-165.657560
-168.288720
-178.944110
-175.584250
-176.722100
-164.482790
-187.051670
-192.463210
-191.285980
-191.173000
-199.599780
-189.292320
-183.863790
-168.624250
-177.954350
-174.242960
-180.028360
-151.701670
-143.622330
-125.581920
-164.963820
-175.334620
-174.694700
-155.074180
-160.094230
-152.819400
-170.177280
-154.997730
-153.455770
-147.377640
-149.049460
-124.807900
-124.722810
-122.122110
-125.902660
-134.624880
-137.275950
-129.828220
-137.712030
-128.981330
-151.117360
-138.808180
-144.944230
-119.241080
-136.378780
-116.424450
-125.903290
-115.089650
-129.280170
-131.391230
-149.966280
-152.830810
-150.592690
-156.256450
-162.048650
-161.862520
-164.161040
-158.524550
-179.143960
-173.346200
-188.007960
-177.798040
-193.693230
-186.482650
-208.188740
-222.409950
-233.117310
-227.262610
-230.054160
-232.547750
-228.104830
-224.497570
-254.454920
-251.399000
-258.965200
-228.815670
-243.639830
-233.778540
-238.758350
-230.245570
-231.893690
-225.623770
-250.194380
-253.516960
-250.703030
-234.165390
-267.878080
-256.443470
-255.850720
-236.949900
-256.453370
-271.860770
-270.799090
-246.780810
-253.446080
-258.439370
-271.147600
-264.010980
-270.835270
-263.663470
-280.823480
-270.434390
-272.474690
-261.209880
-279.951230
-272.668480
-276.755080
-273.105900
-287.468750
-288.464380
-284.209170
-291.827370
-301.641020
-291.491340
-297.967800
-282.467050
-295.434930
-298.696500
-308.980380
-299.509670
-299.710310
-310.490940
-320.423760
-319.485160
-312.790360
-316.279410
-307.737490
-308.070130
-304.907410
-286.555700
-303.413430
-301.351900
-300.745380
-303.129830
-326.041950
-322.341180
-318.796860
-322.295720
-331.718580
-329.588030
-348.463250
-350.982570
-342.211710
-344.052600
-329.454030
-315.518290
-305.677410
-315.354230
-314.850240
-303.213630
-286.487350
-280.576820
-297.865500
-313.830070
-323.596960
-312.234570
-315.183830
-314.834890
-314.831610
-299.236460
-283.454850
-269.653250
-300.555130
-293.593450
-277.499270
-261.812670
-281.949880
-279.880920
-292.695130
-291.812330
-305.933990
-301.670390
-300.274120
-288.237290
-281.715610
-286.500840
-299.168800
-279.675410
-247.758530
-232.408480
-244.671570
-254.282200
-263.773210
-253.142860
-249.696230
-225.860430
-229.248900
-227.031380
-229.330060
-226.253830
-244.069810
-233.350450
-228.770840
-209.667630
-202.796450
-225.890990
-241.900470
-235.962660
-234.188720
-237.997690
-227.663010
-211.733350
-221.066600
-217.246830
-215.939920
-211.471530
-236.525410
-231.989360
-227.858130
-231.157680
-234.065890
-237.586180
-225.895040
-222.127470
-208.885120
-217.089760
-208.987120
-199.211680
-217.332360
-233.095570
-238.600820
-246.529120
-278.834180
-267.352690
-249.940000
-240.422830
-257.858790
-269.063470
-277.182840
-262.517040
-257.609410
-251.308420
-255.527300
-274.550490
-277.559280
-273.131560
-288.092230
-291.528630
-272.804790
-250.287490
-253.929550
-271.027760
-275.322950
-266.738770
-271.866980
-269.680820
-261.609380
-261.297060
-253.407290
-248.262610
-233.464910
-235.783340
-212.798540
-185.833820
-172.591300
-180.714260
-189.330160
-212.132600
-211.965090
-209.342060
-211.009980
-211.795310
-194.270440
-201.002810
-214.612100
-226.217610
-202.734220
-171.374120
-154.875770
-179.153770
-206.609680
-216.343510
-191.868870
-179.508820
-174.983920
-196.261400
-198.440730
-202.090660
-176.189970
-166.653960
-143.841760
-148.665410
-139.867070
-145.453550
-146.286240
-143.464460
-132.118130
-112.657460
-92.030171
-83.852954
-100.368880
-101.800580
-80.257006
-66.287795
-55.740296
-40.623903
-33.021831
-28.912070
-14.408880
11.081199
13.770528
19.283059
10.177052
12.608213
4.329165
15.516849
17.541191
24.724728
21.945275
15.503048
15.856508
17.560177
33.212719
35.634149
42.673747
63.322402
54.607644
56.561477
41.420264
35.896727
34.154479
54.878423
58.038268
57.703392
49.691112
46.721615
55.371342
68.970421
72.105652
76.108658
82.925118
85.342275
73.814200
78.178389
83.720685
101.701320
109.396460
150.214820
136.407630
126.869550
128.678660
124.600850
108.151080
113.266110
131.119860
101.990780
101.923280
111.927190
119.304890
101.920090
104.485340
100.632360
101.600800
106.264420
111.566120
97.519569
101.761550
107.427090
132.823180
113.383060
108.473620
110.531460
107.239340
84.961438
83.146732
73.001018
70.310871
70.498224
69.546991
86.606836
74.545748
77.515174
75.341697
89.869516
77.211750
66.965248
57.166816
47.953191
64.112311
50.600921
44.715879
41.060788
38.383871
42.537431
53.301462
60.823481
48.709439
65.840673
80.564026
87.014027
77.981781
68.874966
57.038137
52.868427
64.411770
61.915963
61.508707
48.905231
52.249724
48.903361
65.235392
76.041894
92.121841
79.052285
79.635261
80.858227
93.555997
79.309616
84.879649
83.928854
86.042469
75.217288
76.609352
64.398910
73.000317
77.925386
64.892678
70.168456
92.023882
100.186980
91.487061
82.882836
85.514638
87.007308
84.033240
68.041689
66.826473
69.560505
73.478328
74.691272
72.291267
72.374998
86.118305
89.811120
98.592839
91.335333
77.053786
63.895264
60.693922
57.367811
49.829175
35.461896
31.208138
36.455129
52.579801
35.337766
41.766798
60.755060
77.236773
57.103165
58.291344
44.199283
47.109845
47.588395
59.779382
55.429814
51.125270
50.461503
53.343893
52.520158
63.454703
93.326666
100.383380
99.364419
93.801510
83.427006
93.101718
90.507288
104.810380
101.363620
104.627470
107.430440
95.284133
82.942197
97.583106
116.427990
113.711690
111.134290
111.957430
104.884790
107.593100
96.051562
90.536487
79.693736
89.663426
90.884841
88.768081
72.953046
81.140377
80.447722
80.604367
78.979477
92.606539
89.318850
99.189027
95.635431
102.242030
86.953982
93.861373
81.957226
92.518575
74.936386
83.493788
77.993592
86.544197
78.575989
78.099015
67.455908
88.917519
89.325201
91.234644
69.765241
83.924847
81.679002
94.640791
68.674033
74.917403
69.789534
69.852478
48.451719
44.821520
34.988624
44.230467
25.427129
18.791321
14.933086
36.560503
38.102349
22.796944
1.138197
21.792594
24.489547
30.346717
14.678081
24.923179
23.743203
23.995632
29.616731
12.461050
-2.883376
11.445145
-3.903986
-5.594442
-25.166883
-28.796347
-35.298933
-20.160086
-34.315702
-28.009833
-40.135294
-29.086694
-22.963461
-4.734849
-24.492776
-29.946572
-40.914481
-29.390126
-32.327994
-47.009924
-55.002667
-34.460859
-27.213051
-22.924645
-46.990894
-43.125876
-24.492730
-16.799942
-9.787895
-28.165052
-32.473665
-16.978550
-15.650450
-18.854399
-27.981127
-0.821033
1.026816
-2.324355
-13.220970
-2.462084
4.767378
19.287493
1.518869
6.700533
8.343409
5.858763
-3.609194
-12.118015
-17.734848
-7.025233
-23.853705
-15.668420
-37.338608
-25.272624
-36.940853
-16.184986
-37.995937
-27.707296
-36.139602
-45.778267
-61.239515
-63.478491
-70.384513
-74.456719
-81.834645
-67.523834
-94.908250
-79.671489
-91.807145
-74.671522
-109.332010
-101.055420
-106.097990
-117.630990
-137.964640
-145.588190
-149.883880
-148.316430
-170.563000
-172.546040
-189.156940
-162.547570
-177.472570
-180.939760
-185.918450
-189.626710
-189.185990
-203.193850
-207.513890
-217.282610
-214.788450
-200.841990
-209.645050
-219.520840
-230.918170
-218.900180
-232.697210
-205.405490
-203.438570
-196.354520
-195.689500
-212.361690
-216.827830
-224.803770
-226.079140
-216.715450
-221.523830
-216.891350
-243.990640
-231.080220
-238.460040
-216.335630
-219.347600
-214.916640
-211.487860
-221.196340
-226.388610
-246.897310
-235.136030
-219.251810
-226.877180
-234.020150
-268.295900
-261.364040
-276.103240
-274.513510
-286.487370
-264.398750
-249.215440
-250.560850
-269.176980
-267.601140
-265.100950
-270.274240
-272.239870
-284.459100
-295.622310
-291.325260
-312.974150
-311.811640
-318.187640
-296.053040
-283.703950
-286.675940
-305.415190
-318.426690
-317.964100
-320.311310
-318.886620
-320.741950
-339.857240
-346.044400
-355.457710
-332.341560
-331.063320
-309.912000
-290.245150
-280.774700
-291.650350
-276.735990
-272.735120
-260.309400
-265.285140
-282.346870
-289.887460
-286.119690
-296.042140
-307.926960
-308.805780
-280.446200
-263.730070
-277.590710
-290.790440
-282.043200
-266.659540
-267.004480
-270.318120
-273.858190
-276.471020
-277.754630
-275.589840
-272.157630
-294.964460
-283.876100
-277.576880
-267.644910
-274.224580
-268.329980
-266.835510
-267.099580
-253.984100
-256.458900
-266.174010
-270.041690
-282.184390
-281.699900
-283.310340
-285.853730
-299.359490
-268.395270
-255.292910
-254.661220
-278.671610
-279.865760
-271.995760
-256.058690
-262.307510
-253.112140
-263.710550
-269.860410
-270.307090
-256.872520
-258.208250
-224.631260
-191.516740
-170.259590
-194.687590
-194.195110
-191.483020
-175.824290
-173.865000
-168.287290
-163.128340
-163.989660
-162.622060
-157.269270
-156.276950
-155.115830
-140.338980
-123.139460
-114.595740
-103.534930
-94.850825
-78.264477
-75.433552
-68.688995
-92.266832
-98.795962
-77.497973
-48.202736
-50.066581
-67.100468
-76.547265
-67.690729
-45.881468
-23.979950
-22.252055
-32.790325
-32.824183
-20.707271
6.496043
15.704593
4.728522
11.898899
25.668007
36.733210
40.933452
34.486083
39.534023
55.328927
68.372907
49.793391
58.895980
87.525435
115.729920
107.595900
101.343890
79.565363
87.662019
88.631723
97.612699
107.735280
112.583120
106.624860
96.791448
97.745807
112.728730
111.077630
124.404110
117.075820
129.543310
121.577780
151.721520
146.442820
153.050290
144.785620
135.781710
126.755980
118.932240
120.001080
104.989360
116.702150
126.771990
114.163560
95.197708
89.618025
98.868164
100.184230
86.898482
84.670788
83.334011
78.017987
71.751324
85.592402
64.089501
76.223467
88.556582
107.236840
87.948890
87.173163
86.629675
93.036220
100.621150
106.544680
100.807050
104.611120
105.262200
120.650690
105.148660
116.010880
145.682770
164.019780
140.607030
137.435500
135.695040
141.805750
130.324130
123.372590
123.624740
124.695340
121.991850
115.849900
110.628520
118.219190
140.055880
150.761350
135.315550
138.909380
144.406890
144.577240
126.733860
135.411550
128.420860
122.926260
126.815280
124.744820
120.117780
134.653340
148.663470
157.802620
143.550570
155.709590
142.923160
173.649090
159.005760
172.483220
162.511630
163.163740
173.185800
185.689410
179.423250
163.148710
165.122100
188.943590
183.688190
155.103750
153.238190
180.134040
197.937450
174.121150
180.254020
171.866940
183.546820
200.496350
188.905140
179.648260
188.674620
215.516440
224.070380
203.414160
186.076440
191.612650
205.077120
224.294180
226.914880
224.149410
231.035120
236.554870
252.932020
241.144280
238.571670
266.165890
272.643360
261.395420
253.275120
259.639430
256.563710
255.586730
250.381880
256.285670
260.251210
254.117610
255.675100
244.716810
246.403270
270.854910
260.732690
269.956240
261.862790
264.785460
255.658580
260.028490
237.040640
237.424630
249.155860
252.298450
254.721300
242.691920
230.302120
235.038410
230.128130
219.987070
211.529180
232.570280
246.149200
255.130060
233.768160
227.499710
229.756800
223.055880
232.433500
244.062060
229.535980
228.510170
235.057760
264.991920
263.189260
262.939750
274.057580
290.740750
277.425790
289.003910
284.956350
289.491570
298.889570
308.653990
312.617060
318.052100
319.316740
330.735040
312.490830
324.518940
328.834920
348.301250
347.112190
347.597240
345.235470
348.172430
333.809870
330.522910
333.160620
354.916420
356.331590
350.074010
336.040470
353.909170
346.857620
335.691940
318.122030
315.034670
332.818730
354.823190
358.696700
332.945260
337.866450
363.232000
367.323160
358.069830
350.237980
351.336610
349.604420
364.343390
367.441270
362.191790
381.161350
411.361010
433.561390
404.546570
409.065050
415.349720
412.272290
419.688980
407.417810
400.368210
390.884320
397.013580
404.448810
405.853930
392.130400
399.160990
407.692920
425.188880
436.260370
441.186660
430.946340
431.060500
436.152980
445.429680
430.963910
423.905260
426.004110
420.808910
421.185090
414.929780
410.242400
440.061990
445.156630
438.022170
418.735410
417.555510
412.948100
413.224690
400.821670
399.960660
396.053420
388.721370
400.891980
381.840970
373.968210
400.130340
409.589360
416.145770
414.240180
414.576240
404.352600
438.485920
445.102560
459.333600
466.534610
466.577810
466.422730
479.013220
476.311960
478.844070
491.261470
520.712660
518.677900
497.268320
484.272850
502.110390
510.731870
515.589780
499.781590
492.389530
507.968680
533.464210
536.024850
535.356410
543.292340
567.182080
569.129280
562.435240
536.747620
547.458470
569.659920
577.025120
571.648980
564.966800
582.481940
589.539310
580.506420
565.897560
563.631360
564.456660
573.704940
581.304060
573.419740
568.333450
580.803400
588.283920
574.044080
587.010950
602.712160
599.669140
597.665450
593.812680
570.271630
556.068470
557.267490
556.197140
560.045500
553.947200
549.712020
557.824220
565.286600
571.121750
569.702160
564.327310
557.068020
556.283760
554.438640
545.177220
520.982300
522.381880
528.981910
533.731090
517.837120
524.187050
513.610610
542.221900
552.596110
559.487640
542.848220
538.572530
548.003980
561.180790
550.382440
534.329960
519.965900
541.267750
548.797660
551.486990
538.737210
554.845450
567.920260
554.790290
541.083930
554.150710
577.584970
576.782020
582.021960
563.317470
547.847110
550.675380
549.260900
570.027380
568.835130
564.477060
566.151130
563.614680
556.282950
560.284170
564.784740
582.641760
617.856080
608.283240
623.983950
605.293070
619.054850
634.770390
625.626110
580.446840
570.662970
583.534530
580.283440
570.047060
568.429630
559.213100
562.407140
558.642650
558.796000
555.255790
570.678730
580.462280
590.605980
586.616310
584.151590
593.924670
588.001990
584.289420
580.159850
570.870280
559.160380
553.397090
562.938600
541.913210
558.179600
562.290630
578.341390
538.292790
533.669400
530.481550
527.315310
521.423160
510.583120
502.836570
511.745080
516.799150
501.727140
488.344770
500.231650
506.466780
524.233260
528.593410
532.570560
533.380630
537.465770
524.088280
527.311530
525.374040
517.249500
517.928380
523.697030
517.611660
514.171340
507.172000
518.548570
503.751140
523.157620
533.105310
539.234790
525.827460
517.714680
504.052300
493.003700
487.301770
485.321660
490.639580
492.037940
480.109670
481.976910
452.809540
473.411350
481.658610
491.347430
472.677320
468.299880
469.264500
479.256300
485.163190
478.685150
467.511570
477.800750
482.042600
492.629670
461.751740
479.569560
492.965570
514.852450
498.406110
499.248430
488.851550
476.283960
459.115270
459.402420
460.565720
464.223750
461.311270
460.952540
438.155200
472.894590
465.741570
481.985290
453.106110
463.501080
462.572030
462.066460
442.429220
437.947040
432.113390
442.082680
448.251020
427.975640
419.282810
443.515330
434.483810
435.230460
412.416480
416.798060
407.688110
428.801980
432.420750
413.212610
412.930200
412.899420
419.951430
387.190720
397.274870
328.402580
311.225920
312.861550
302.257730
293.685570
316.348820
320.854420
329.153490
326.036960
336.646430
348.215520
337.454140
340.465030
310.518670
306.789630
307.021780
314.824240
306.266000
304.855690
299.373280
302.931990
284.399600
280.800620
284.259950
305.535140
298.276380
313.821050
297.881850
291.737280
281.876550
300.008370
294.773960
292.324280
285.448410
289.655390
294.413510
296.603340
299.139180
302.012590
301.212890
321.680850
309.722500
308.028740
296.692830
303.000190
291.104680
311.818580
297.329230
290.952410
285.377090
287.534850
272.699240
269.724530
272.137950
279.244110
268.056410
275.852600
260.011880
278.700980
265.131990
259.844990
248.715300
263.915390
261.983460
260.381760
242.086900
246.622750
244.209830
240.448090
233.213290
244.237570
238.334840
245.718760
223.946340
233.161960
223.893680
231.637480
219.707810
228.748710
219.474370
217.980630
212.790610
217.073930
201.704940
203.946620
207.115350
212.197770
182.498000
196.056760
194.437120
224.748160
197.171840
198.813170
205.612230
227.025340
210.137540
194.520130
176.638820
187.269020
191.422060
200.955010
169.585620
179.530390
183.876140
186.050730
176.710240
189.920410
197.024060
207.617870
201.123200
205.752840
192.957030
193.574200
180.858790
184.162280
154.673540
170.945320
179.620640
182.868300
161.672130
174.280900
165.484670
154.536010
157.003600
152.985950
154.446290
166.443280
166.441450
152.454420
136.490510
157.151450
154.270540
150.796290
136.479130
133.251190
117.110400
127.497530
135.620530
139.966760
125.167310
126.333130
118.453860
141.981070
128.274970
146.754400
141.433780
152.214620
145.737080
154.173010
143.479460
138.250020
134.700160
145.711470
139.857140
119.178150
108.568940
121.754830
108.478290
97.713290
95.294337
109.018010
84.681641
101.800340
104.228770
120.030360
102.374020
103.831150
84.790939
84.315854
88.958748
90.043945
96.182145
98.773321
103.404740
83.087876
81.548083
95.591844
94.577422
73.749261
70.707344
58.201136
41.146356
50.282801
60.111650
77.686885
67.350621
71.858343
59.622654
78.086184
81.067707
96.700768
84.112545
78.087254
62.652013
52.164443
47.310564
34.870053
32.666820
45.249686
32.405731
25.603379
-4.238324
9.947540
-14.725189
-1.830678
-3.237856
3.953076
-10.398915
-25.327841
-28.496441
-25.965208
-38.468974
-34.248638
-44.458348
-35.562417
-50.396902
-35.204062
-53.371567
-25.313467
-23.361468
-9.561092
-13.430787
-20.115833
-32.399657
-42.949052
-49.444290
-52.442641
-51.139937
-32.966651
-64.212668
-77.216553
-90.814892
-57.590875
-67.830919
-80.489284
-63.688789
-66.330911
-65.361166
-69.598333
-60.881620
-65.466639
-76.197661
-62.172709
-51.332761
-34.982679
-58.816437
-73.858366
-86.541254
-71.995555
-70.187076
-58.046129
-61.463697
-64.403569
-58.354396
-43.322273
-52.820220
-56.243811
-31.323980
-6.192446
1.565459
3.387824
-12.706319
-22.759355
-30.382645
-26.120626
-6.183716
4.491104
7.417694
-0.223462
-8.162144
-7.530750
4.367817
23.003047
37.771277
42.772073
40.791464
34.859564
22.824862
35.995884
54.026346
79.059277
67.307550
55.873521
44.934122
54.591325
48.413029
58.680028
70.975745
97.270492
105.687670
103.015900
59.530659
53.845002
76.338301
106.246470
105.660440
104.429270
91.466275
85.622293
74.954833
69.038114
79.554202
111.523700
100.298640
93.615905
66.279780
67.386331
66.944337
67.314074
72.812715
91.329980
95.529741
100.072460
86.329767
95.090142
99.360373
120.754370
106.330710
115.762220
102.168620
96.664312
89.430605
90.130989
87.031586
82.612182
84.495639
95.732639
72.184241
68.448932
71.062509
80.889983
60.808711
54.539967
48.039292
40.249562
24.288869
23.286171
23.695460
24.076055
28.229148
26.077117
23.934511
34.462543
52.543664
54.820822
48.631473
41.513378
25.513816
26.564242
12.937623
18.790975
-2.436604
5.245204
17.184386
22.825708
1.235920
17.268475
5.253495
1.402373
12.343973
10.218755
-4.126504
4.461646
13.924606
36.682794
29.841276
41.116268
41.247199
60.008603
48.320656
67.400625
59.172886
64.457319
66.195904
66.261089
48.692122
48.285165
46.768430
50.167539
59.826897
45.803384
37.638507
47.972231
48.867900
55.939829
46.298746
41.781107
35.179996
54.163839
64.935682
48.212404
35.422571
47.216262
68.640972
73.176489
70.933153
73.444330
79.703328
88.617665
85.026818
74.488004
58.852911
72.766463
105.245220
97.593813
74.136539
76.972723
78.603608
95.248886
93.741975
106.686020
97.218880
106.464670
131.617410
131.229840
124.085800
124.053860
139.791590
144.430350
156.322760
152.313270
145.746870
149.760820
150.963690
152.792940
151.626210
158.604570
168.110700
158.955980
174.245440
174.027460
188.031670
183.920610
197.811710
196.145060
194.461250
190.265850
190.515160
185.788540
188.852450
190.725540
182.637630
166.870550
185.986000
180.941870
192.189630
184.148020
180.543390
175.951740
179.133190
165.762710
173.517110
174.492380
162.709720
164.892390
163.572260
146.057800
151.209860
149.884040
157.547750
145.893730
148.513850
144.248830
175.224570
179.179900
185.849070
182.203200
168.114030
177.286430
188.012930
183.645060
172.440810
163.965830
170.312710
173.730000
172.549190
149.770660
180.474830
174.979270
184.289490
149.982090
148.067610
147.684840
131.741170
106.359050
109.209180
112.417000
107.702700
110.196060
107.979610
80.860715
113.188910
119.576600
118.245560
90.058694
91.729010
92.600758
111.955790
91.784538
74.211803
81.644085
95.758260
96.654450
83.598800
79.631418
106.255520
114.775940
108.883190
107.823120
102.697560
90.596201
92.394546
102.814340
118.060890
106.588850
100.867180
106.746060
128.511940
127.655670
142.001980
135.176200
132.840470
146.355790
151.194130
154.640310
146.336290
147.677220
152.412560
161.394890
145.567680
143.714990
137.738750
128.843210
145.718220
139.110030
149.782090
147.014590
144.585710
143.075940
143.629030
132.446950
124.251510
136.859760
139.250790
147.933800
134.628040
121.616570
127.855980
132.094560
125.355630
111.661970
107.738520
111.676910
113.966220
111.092960
97.417681
99.994065
117.617600
114.765990
110.722940
107.762860
103.602450
93.643991
99.000498
97.422730
105.460320
99.663260
101.073760
103.473080
114.985790
118.606380
150.269000
138.455090
142.233000
119.681410
118.254590
119.744670
121.412110
102.021680
107.785970
107.241030
105.775600
98.090026
104.569860
106.923990
116.341460
101.538820
94.781196
86.232295
99.449470
97.339189
98.037048
89.478000
87.931452
88.653920
94.468801
93.425461
92.363068
102.014770
127.748330
128.884000
129.018840
111.884900
99.688054
94.723493
116.052960
122.478470
114.660350
117.743000
118.545900
123.258090
114.885610
119.960860
126.598680
135.239960
134.908250
148.955220
147.875790
132.249620
145.269450
154.773760
156.449160
152.856450
139.258210
138.409370
139.889220
148.732210
161.724420
167.698740
183.451290
184.708400
192.992290
180.684990
190.406210
188.363870
193.552380
203.757290
184.536830
172.446830
151.561180
161.904480
163.661470
181.781160
183.666180
166.223650
160.245320
164.582240
168.896150
158.793900
159.947180
165.639840
177.760280
196.921720
171.396410
154.950110
158.574610
182.500520
200.660100
183.872540
163.267080
166.715340
184.428910
195.250590
187.207870
198.651870
192.145980
207.557690
214.603000
220.691200
210.843910
231.534200
241.651640
253.120600
245.616850
237.696660
244.597450
256.192910
238.248530
231.313950
230.519890
250.463010
244.886930
231.775860
227.003790
234.382580
223.972020
207.267900
210.510150
222.502490
222.282510
228.039120
218.378150
226.767870
227.952060
234.456440
224.294120
238.143870
237.818020
227.360300
221.452110
226.130730
224.088190
206.701710
197.680370
212.709090
211.213200
215.660140
217.261680
218.717030
216.903110
247.080410
274.034390
268.377860
259.102150
264.086560
265.780450
280.276520
285.246370
274.644230
265.526820
270.471440
286.561100
289.793820
286.258510
306.823020
309.613920
310.949280
294.340570
285.418530
282.828670
294.822670
308.542560
289.652680
283.131330
272.572460
280.068800
266.882780
291.161340
325.821210
349.899390
318.220700
306.502390
290.362430
296.663900
289.566080
295.115070
298.050180
310.858970
304.575940
305.741090
300.028900
297.563450
320.464160
328.425870
335.853840
329.974760
313.680310
297.772690
299.766640
292.240760
283.215450
310.475870
329.947110
336.887200
317.473030
306.292550
320.139170
317.070620
326.748020
327.910250
337.076350
326.309540
328.784720
327.502970
328.095560
345.228220
354.010230
350.656350
337.046350
327.467760
322.294740
316.288950
305.630260
300.289640
313.998880
314.187230
324.950040
303.913820
315.711600
319.717990
320.850300
298.935830
309.868200
310.999040
308.617650
297.170810
305.533520
290.387910
296.096980
292.706050
283.327620
282.536460
300.902830
313.837630
303.508740
287.067180
288.835260
284.413280
286.316530
275.300700
269.487180
262.106070
265.077180
245.595780
245.001850
243.708970
256.004140
265.899370
250.113720
241.377880
237.123990
240.753010
240.349520
239.687600
228.900110
225.886490
239.195510
244.335070
232.562150
232.727670
244.122260
264.913750
249.927340
246.545670
240.619130
244.417700
221.324320
231.566260
230.290460
231.885820
222.279950
217.197360
210.581660
218.458620
217.950270
220.166120
215.118110
232.249280
227.536350
254.115030
220.662110
233.381190
238.336520
251.916540
249.465750
234.099230
214.167750
218.865130
222.652370
229.336990
217.805870
254.205410
251.719130
250.777730
234.953770
238.428650
234.041260
231.294450
217.452670
222.168500
234.853220
228.013400
228.701520
211.541380
222.815590
246.423530
248.447840
241.551040
233.818170
230.822590
219.920140
236.915760
225.087830
233.410290
237.872100
238.954510
236.438280
242.734620
254.900540
261.610010
256.310940
247.900760
240.269890
233.543820
213.000200
215.304930
191.847700
205.170710
213.554910
218.461910
184.745590
198.782330
204.369720
219.782050
196.824750
190.777880
181.918560
175.405480
181.275860
169.411000
156.014920
171.769970
189.317890
193.586000
167.007270
178.550160
186.318180
197.777070
175.549940
183.260950
170.119000
155.333760
148.659560
143.078720
155.017540
171.719450
191.992190
202.570360
190.373970
197.596920
213.425100
220.081910
207.394420
198.679650
187.978810
194.743000
181.642970
148.152660
144.281080
155.299360
162.619780
132.769350
150.111100
157.240050
153.045070
138.594500
123.762850
115.861180
116.232600
113.285070
110.683740
115.643230
127.328080
137.444960
132.288730
122.355710
132.519620
135.810530
137.959370
133.949230
124.350910
119.428160
125.537490
114.378640
100.136890
111.254890
119.038860
122.117080
101.386290
92.712690
83.195922
83.248832
80.229044
81.534162
94.681909
86.438775
99.953018
91.944974
106.910270
87.212941
2.003058
5.109890
5.395309
28.681049
21.647620
31.613757
44.708324
55.599128
35.186276
36.564695
33.637241
35.139359
30.571887
34.028553
24.010965
33.588055
19.243423
32.149029
12.332417
24.050269
30.411000
26.564687
6.396374
9.335197
5.006179
-0.778962
6.542866
7.375968
8.910311
18.680422
13.754190
-15.157524
-30.786756
-19.922260
-11.425990
-12.084670
-26.883792
-35.161044
-38.700530
-22.978045
-6.761145
7.858716
0.608790
-21.467914
-26.642017
-18.059016
-20.418049
-36.118229
-46.047556
-28.436201
-19.486002
-10.148449
-20.933717
-14.189409
4.030942
13.218669
0.003734
9.058321
2.096957
4.819241
-2.481345
3.904704
-15.090072
-18.742480
-22.538368
-19.756249
-24.781204
-26.723855
-27.907999
-40.321729
-25.268199
3.256711
-6.108025
-29.631939
-35.162244
-36.591826
-30.921016
-35.236696
-55.907345
-53.295722
-49.276138
-32.817051
-37.121627
-35.615145
-44.222412
-38.615524
-29.248225
-28.886945
-36.668157
-49.925313
-55.291621
-61.006707
-54.913643
-61.277775
-69.508095
-47.747128
-35.535809
-42.656255
-59.080527
-56.328962
-64.211434
-54.093962
-66.148560
-79.205528
-88.793969
-89.697171
-87.936495
-96.582226
-104.881780
-94.686315
-87.899157
-82.023579
-89.447750
-87.203657
-95.151978
-80.543596
-68.373564
-66.644051
-109.087280
-103.987110
-102.157880
-88.642056
-98.493375
-78.055731
-59.782355
-45.758208
-61.203683
-74.720414
-80.257759
-60.795993
-61.357370
-46.212684
-58.085103
-60.378419
-64.085282
-74.986211
-91.435453
-78.764094
-78.531882
-66.910508
-66.607027
-74.772315
-85.753100
-75.698090
-64.557732
-67.567414
-59.200574
-54.602678
-52.156090
-57.526143
-75.541730
-76.703016
-83.587735
-67.979648
-67.354936
-70.115286
-54.326778
-56.919004
-47.370901
-58.247920
-26.391478
-26.256631
-15.621083
-27.347720
-23.222578
-27.989595
-38.931063
-50.412488
-69.046131
-71.375119
-63.720347
-61.923362
-76.330711
-88.410983
-70.868627
-83.817604
-73.151216
-75.404647
-58.099128
-71.886422
-51.353556
-40.724894
-52.808091
-68.372837
-59.070811
-67.956956
-62.021729
-76.033800
-66.911311
-83.056155
-83.041835
-81.705364
-84.342637
-101.195220
-98.346388
-100.484620
-100.518690
-104.672950
-82.958443
-101.730470
-86.730010
-96.638749
-76.879415
-95.590797
-93.668039
-102.848940
-111.461120
-111.093490
-123.117420
-106.203880
-97.648885
-102.833070
-122.853110
-131.140830
-125.217380
-131.006710
-141.509910
-161.146930
-160.232520
-184.778640
-187.768820
-189.062860
-189.896870
-196.599410
-196.958420
-203.803100
-193.516170
-180.386520
-155.712670
-149.121900
-155.764430
-171.260800
-177.232010
-175.986440
-170.593150
-159.044820
-153.606730
-178.509420
-176.483040
-176.583080
-176.137160
-178.358320
-156.172850
-146.568970
-159.003840
-156.426420
-148.407810
-146.281100
-158.211270
-170.211760
-175.939270
-159.544610
-149.062510
-151.379950
-160.553690
-149.375970
-134.984780
-125.558690
-142.566660
-142.575800
-140.198310
-118.879820
-111.845180
-124.669050
-142.989980
-138.491450
-120.316360
-108.318030
-109.843960
-108.398140
-100.300190
-83.850481
-85.199823
-73.379805
-82.426414
-75.771532
-62.109039
-65.312745
-68.755563
-76.577244
-75.273397
-70.291010
-65.683712
-93.604548
-92.372178
-74.314726
-60.867607
-90.420008
-96.609513
-99.728909
-94.713376
-98.014952
-109.334300
-132.953380
-130.678280
-118.679980
-100.096850
-116.548870
-107.128910
-95.360079
-98.556160
-105.899560
-97.775349
-106.293950
-113.622250
-126.313600
-120.905380
-116.093510
-123.810860
-117.187740
-116.929970
-112.670540
-114.671530
-89.691298
-93.704371
-81.850542
-70.423916
-75.187399
-71.960431
-81.373741
-88.823836
-100.459770
-82.777160
-61.380812
-73.491382
-87.977598
-86.316884
-87.778589
-89.315284
-83.697407
-78.960140
-74.297622
-60.136687
-40.812379
-35.815216
-39.414376
-37.475480
-42.630613
-23.466278
-22.374669
-22.795217
-36.081635
-28.646348
-24.710958
-17.586586
-39.255998
-23.162764
-11.891479
6.910606
-44.041063
-32.388618
-31.629383
-18.318750
-44.789112
-43.966624
-58.282358
-66.034574
-76.518363
-79.357432
-75.174049
-53.409827
-39.600702
-22.068219
-34.389100
-37.062730
-41.246004
-35.191365
-35.703115
-45.533758
-56.642714
-65.466162
-65.131929
-62.387920
-73.141329
-83.571606
-59.803301
-41.891779
-54.116551
-71.613856
-65.112590
-56.513100
-45.560836
-50.929635
-56.443472
-61.538983
-55.821958
-46.999256
-59.139481
-74.972680
-49.662491
-24.944558
-18.459759
-45.961761
-55.289688
-50.032243
-47.733473
-46.284123
-38.198315
-32.621602
-23.899901
0.179260
15.212716
12.268717
14.888137
11.137219
10.350377
21.410881
30.921806
19.914794
19.033798
26.135255
26.160859
4.718440
19.713269
41.696393
59.527899
38.110470
25.500304
12.473268
10.411581
0.533654
4.991251
-2.574410
10.124658
24.205400
34.332802
22.249246
27.820274
27.246332
41.069973
45.232774
49.260139
27.845993
22.001827
17.505540
18.654571
8.478730
8.126171
7.099934
6.139371
12.723407
11.989055
-8.390892
17.360460
36.488277
43.892565
23.000794
24.365323
25.512260
36.755443
19.939803
14.837734
16.086446
10.583482
17.984268
3.579835
12.299850
18.290672
5.233170
-11.975024
-3.853652
-0.648699
-19.764997
-13.135332
1.530201
15.151928
9.400725
18.688200
-12.805639
-7.952274
2.714900
13.454528
24.910810
24.500506
20.702771
5.436084
5.280502
24.294473
36.555364
42.233275
27.265661
21.537655
14.153782
27.207470
25.369080
44.653187
47.364128
63.889857
59.902616
71.899359
71.124881
82.312950
90.671510
101.945280
96.048196
92.210436
81.754822
76.383317
66.595497
73.946967
56.725240
75.474247
60.574136
73.207481
49.993109
60.806625
57.771098
49.035463
32.018516
36.404176
27.425491
21.781194
13.446830
15.577194
-12.170599
9.505832
-3.459146
0.648660
-25.441543
-30.548304
-43.601705
-35.235217
-52.050609
-60.837839
-56.020920
-45.174200
-47.581329
-59.967712
-80.605164
-59.109559
-64.429824
-54.962143
-92.897312
-95.931321
-90.477599
-71.334667
-79.764588
-86.010560
-89.395290
-78.509052
-75.029901
-77.314982
-92.446924
-88.175518
-95.793954
-81.469806
-102.609350
-94.065210
-95.473946
-75.985499
-74.910341
-77.816509
-84.576226
-73.047627
-78.190626
-79.135688
-75.472128
-66.123967
-85.693057
-78.570154
-83.161114
-45.008877
-51.974301
-47.158866
-47.554544
-44.916231
-60.087289
-58.100990
-73.796736
-79.291956
-65.875570
-46.834812
-57.479151
-90.459881
-81.916004
-58.341774
-49.689285
-66.191054
-78.786943
-71.838920
-54.586260
-47.808294
-37.976079
-31.650349
-7.032326
4.513943
-0.127025
-7.149263
-17.544751
-1.107455
14.869903
22.698025
24.421714
10.985836
13.141145
23.127730
16.553744
-4.599677
12.629975
12.745344
20.947210
-2.799615
-3.921451
-4.528217
-10.517478
-29.059870
-32.523017
-23.148515
-16.339469
1.456450
-30.008202
-32.848595
-11.817143
-16.014537
-5.831570
-5.885873
-6.371888
-20.392856
-15.612855
0.507433
-6.122654
-5.774156
-2.716184
9.484566
6.394984
8.894275
10.755968
10.846211
35.331051
50.735340
49.499925
42.485129
44.040040
47.311952
44.675060
41.153089
21.805021
33.195093
38.245418
63.843286
49.484371
29.652104
29.324853
42.550622
55.964716
42.869386
29.599586
32.168972
36.429295
47.927797
43.512044
55.175881
71.536011
93.959843
95.465137
101.053150
80.868154
93.335094
100.517570
111.310250
93.886747
99.227702
106.278010
111.285000
79.255823
91.253088
108.019990
117.602900
85.561809
68.712144
72.505468
86.232244
78.855477
65.753712
48.573988
66.613271
79.993842
86.598892
63.708847
66.516887
76.178298
75.735448
74.919004
70.450290
54.728824
61.186935
74.228060
87.782154
90.912431
102.498130
98.578463
90.986671
80.214202
84.228351
78.043249
80.840406
86.059604
97.244875
88.803758
86.006227
88.960687
97.465454
88.779719
79.997150
64.470449
80.611922
73.569389
67.799452
56.158840
72.532976
75.697433
76.994819
51.943181
59.109041
66.101130
72.982239
76.592734
66.873185
53.211496
54.396659
52.969792
55.769807
46.892833
60.504145
73.134674
73.400883
65.726977
68.500006
60.005463
70.450722
71.654723
76.925178
59.667313
58.005142
59.025341
74.229145
52.993151
58.061869
61.393679
63.604432
45.713190
48.299342
35.389012
38.114036
35.449352
40.780909
31.334572
38.936787
36.358151
28.901975
24.290309
49.611500
51.814378
51.890040
29.254989
13.547455
16.595882
23.266724
1.842629
2.191882
10.588752
21.925441
21.430959
9.886169
-13.771522
6.744813
19.451398
23.636442
11.930124
0.070441
-4.139019
-15.501138
-15.721194
-13.444836
-0.604231
4.079346
13.451862
19.528957
-2.159842
6.934859
-3.234201
-2.422292
0.705425
-4.389674
-24.789816
-31.246336
-27.365655
-40.786653
-42.180830
-36.380399
-36.524027
-50.808405
-47.012409
-32.815656
-35.331191
-49.071434
-53.456484
-67.035867
-66.201539
-77.656725
-81.645541
-87.493925
-70.288216
-66.859700
-67.091858
-91.725972
-87.140385
-75.044760
-65.540704
-68.730643
-65.880457
-78.813699
-80.516109
-87.237698
-86.312284
-104.648120
-88.676673
-78.298820
-80.070416
-95.664201
-86.653617
-74.439722
-80.940574
-88.662418
-96.395666
-96.826734
-85.766886
-92.229599
-98.546805
-116.223850
-101.556980
-107.322850
-105.323830
-117.890050
-126.891450
-134.168470
-124.836340
-108.459990
-118.636620
-132.590260
-118.491380
-115.376080
-109.367140
-116.504090
-111.497100
-117.845740
-106.182080
-99.160224
-101.974630
-127.054910
-126.213550
-121.673140
-107.020200
-102.448270
-81.693073
-104.802780
-97.354382
-92.651424
-65.785900
-76.003369
-73.083217
-69.287030
-62.729907
-70.376761
-65.685414
-64.068725
-54.795151
-56.425882
-61.416369
-65.596453
-45.621188
-42.040650
-31.894789
-51.524465
-42.783286
-35.853528
-20.798358
-38.256773
-24.656044
-31.795994
-38.646021
-37.245464
-40.540127
-33.101341
-19.381248
-21.348979
-30.204005
-49.660250
-29.056757
-30.622361
-39.994019
-54.307914
-60.356336
-73.609522
-64.379853
-62.667701
-71.992335
-57.728845
-33.876682
-37.490408
-54.297840
-55.969395
-53.275468
-44.845580
-38.222148
-51.617655
-62.448823
-58.116989
-38.909243
-18.645637
-20.773578
-29.859417
-37.430319
-23.796877
-13.742828
-1.560120
-4.933873
-13.452331
-9.604998
6.230371
16.118178
18.076405
13.079229
30.816352
43.506320
47.984480
35.377109
46.470982
70.886109
75.712963
63.743505
48.919613
62.091197
62.284657
65.060315
41.455584
51.594255
69.935792
80.287104
61.167582
51.216120
75.157418
102.593790
90.560996
71.018412
64.173036
78.034671
79.964506
81.201957
81.233075
77.753313
79.162305
98.900446
103.813580
106.613020
110.780250
128.242070
132.773580
137.720490
116.086980
117.973020
135.082240
157.490860
153.257550
148.553990
144.943350
155.099520
162.959270
168.694640
185.704350
220.795560
242.879060
230.664400
216.750280
213.295140
229.999420
263.248360
265.995670
258.774700
263.911470
290.279920
298.114620
286.617110
289.061250
277.592880
305.870610
314.207790
309.322310
313.970110
303.507730
305.532300
313.485380
320.786880
307.364320
307.903150
306.648090
279.025590
291.983810
295.711810
311.862030
312.186890
298.362380
311.958110
293.728560
288.117530
283.018580
283.911440
283.269570
287.343080
282.919690
270.063460
279.536890
275.432140
274.704050
267.784590
258.779080
274.253260
260.371760
271.296210
259.268940
267.031970
276.183510
277.919160
267.087650
259.512480
269.091490
261.714580
259.893850
258.936230
257.925460
253.975320
234.723780
243.723990
231.471210
254.452510
258.566560
266.575190
260.710230
236.382800
227.564020
216.780470
230.025260
237.474220
239.107580
236.854560
214.933100
228.613130
232.019330
248.470890
237.106480
248.031980
246.917140
248.047170
250.768590
226.651100
216.271560
226.932240
239.351700
239.273000
224.484330
233.827840
216.913240
233.250720
229.424110
244.415800
234.921460
227.076440
219.579700
228.620170
233.616380
222.433170
218.260660
248.371430
254.169380
267.382030
251.081930
254.350070
251.217790
254.702000
255.618760
249.633120
230.890790
234.080440
237.943680
244.125330
230.559930
256.097280
254.854470
267.053220
251.951880
271.121360
268.706750
269.819090
257.788630
257.055960
244.049960
236.233210
231.432100
225.423620
210.846900
221.891670
219.574490
231.945380
213.603580
213.841060
213.358370
233.007410
224.820430
222.908770
207.637340
207.936530
208.742280
206.584710
202.841470
212.801040
219.360350
234.533360
225.428780
221.321640
223.365140
231.580110
220.339070
224.740720
227.238470
224.648380
211.432430
211.682770
210.661690
218.945970
227.769400
223.542240
210.653700
224.384800
242.054180
249.750550
228.523130
233.594160
223.430580
249.103710
244.727180
249.532410
249.000400
255.226300
259.514700
258.295380
260.196920
273.632610
288.096300
306.819190
303.889030
286.846050
282.026320
287.396430
265.673380
275.903080
286.002520
296.696770
304.487800
297.790880
289.300170
283.791000
298.990850
309.580060
307.454090
307.335300
290.342650
288.609510
280.336550
303.403250
302.943830
308.907280
328.649610
320.450400
319.412470
315.018170
309.299610
309.337210
322.042000
348.020130
339.279230
330.573920
328.487770
328.204150
318.513940
319.696640
320.734890
327.681960
354.102980
379.309060
384.105470
373.864590
390.798930
408.060530
403.188820
399.748320
386.606850
382.361030
367.575480
366.122050
361.084630
373.474530
361.543890
359.890470
352.917270
359.772190
373.227670
373.365850
364.905810
368.485110
371.740410
390.273020
369.701880
367.040130
358.223710
371.489380
361.002100
357.085400
350.278470
346.785840
350.243510
351.892690
345.486020
349.489750
355.358200
371.006130
362.123370
364.060230
349.637040
350.493180
333.112760
350.252300
340.839790
331.750190
329.523350
331.448770
324.828180
335.166850
339.566820
346.028170
345.693960
352.927670
341.746530
357.313540
345.721160
344.252190
323.335020
323.767450
329.924960
335.108390
316.244530
326.795490
307.176250
317.500380
314.273940
320.917600
299.762330
306.068650
300.979230
304.780310
270.610770
275.440630
274.273020
262.080410
247.858990
243.827300
235.042340
244.772840
239.437960
237.366130
227.785700
252.725590
264.367170
259.591770
243.511440
245.063100
231.011460
227.620600
219.708540
203.756170
196.160580
207.592820
214.588950
201.229700
199.766730
220.149150
211.047430
219.896740
223.805570
223.536110
209.686970
196.354410
180.073520
188.643280
178.862420
162.138470
168.161500
173.423420
168.208730
152.180230
163.191580
167.839100
168.931310
155.720800
139.255720
151.032850
146.245580
152.344440
138.476400
151.496530
151.175330
144.016140
121.192180
123.394280
126.245800
111.740820
114.463700
117.781680
115.121130
121.901980
118.857960
106.697840
93.164264
115.181960
127.587830
117.382670
116.075380
115.064280
102.498160
111.814930
131.389180
140.644180
127.059200
131.180420
134.664660
165.981040
155.434270
169.312670
152.369080
143.786060
144.650300
142.353560
151.792040
154.351610
172.171270
171.732990
173.359580
159.608220
157.891290
152.238200
118.405360
120.005340
110.678830
120.031300
120.296740
118.779800
112.226770
103.989100
115.554340
112.043730
104.170350
99.897770
88.250746
85.822439
73.877313
82.836309
62.196674
85.076175
101.472680
92.322498
74.514235
76.514015
78.140452
83.496822
90.458155
83.086804
81.286590
86.935305
98.736708
99.299082
77.587999
88.477215
90.369826
115.031060
100.096270
98.005280
94.526726
104.133980
113.977460
124.276780
146.347210
158.186470
165.631850
160.873180
178.541650
201.444070
200.035260
188.504000
174.475010
177.136900
165.080440
158.814910
160.147700
170.325760
178.361380
181.565800
173.282780
166.750980
188.443750
213.341640
203.745910
206.299790
189.878690
193.709110
182.826660
185.118160
179.800930
187.036700
197.815670
197.791580
187.048380
189.681190
210.062280
231.258100
217.077410
207.620290
186.778400
193.971930
178.452220
189.021480
184.019460
183.122300
186.050080
178.464670
167.962720
183.247010
184.538600
190.479740
202.951700
207.333230
196.763170
213.273710
231.319760
243.598140
234.125730
230.639810
221.059090
227.012680
205.513670
189.587900
189.509470
210.390490
230.994540
232.715010
197.763140
204.116490
228.023410
233.002510
231.125190
243.153410
253.869980
240.676940
230.478240
239.402920
270.487760
281.464050
270.902100
248.089710
231.408210
250.205550
256.757020
256.893510
247.442090
260.308250
277.870090
285.512810
273.911780
267.066700
287.771720
308.938620
302.403790
287.125500
266.539130
276.850470
281.750160
288.131240
284.288570
296.938430
310.241380
316.206190
301.631400
316.695330
329.318680
352.497390
356.267400
354.500650
328.809420
334.187850
325.073760
337.017620
325.174120
347.285650
372.730910
388.598610
373.455260
360.735550
373.094240
398.133480
391.419780
383.903640
377.592920
386.873220
382.717240
385.988070
363.496990
372.993450
393.249330
400.660280
373.511570
390.605120
402.871140
423.088610
408.017490
418.954140
401.219340
391.353840
377.519570
386.808150
384.099550
393.380800
409.119390
411.469280
387.696050
409.189110
428.028390
466.119260
472.645190
470.658320
449.557730
432.856810
436.477760
434.469990
441.990800
444.872400
438.359280
430.307580
420.672110
419.797740
428.136090
428.725450
447.412470
441.867180
446.053010
438.423060
451.682170
446.702190
461.326370
449.426770
446.068020
443.049180
442.602870
440.240930
432.093080
429.628930
459.386990
446.024850
436.358510
424.891970
440.806480
424.696180
422.045190
410.665720
414.942780
417.924290
407.943460
405.599840
395.382100
406.766050
434.578190
433.607900
432.056370
420.975680
421.938380
417.887020
435.388090
411.926160
413.863690
417.079710
414.662880
419.783150
424.270180
434.127350
435.170630
432.828480
436.523710
430.317200
429.653480
413.767320
422.066120
406.564900
428.049450
419.141470
431.194890
419.489430
429.623200
423.261100
419.572250
413.998640
420.223010
412.994680
404.989830
383.761040
393.259450
380.653790
391.621540
374.934560
367.342080
368.750570
370.562490
360.106180
366.424300
358.667750
353.415100
352.555930
354.674690
330.382000
338.455220
331.737010
337.232370
321.684840
323.010350
318.581760
325.147740
327.831860
330.389370
303.433070
315.281220
324.308580
348.844560
340.630950
344.236790
340.559510
350.468180
333.941750
342.236370
331.331210
323.228660
315.365680
319.640760
324.860030
314.512890
315.730830
320.052710
310.519970
313.100780
310.818740
307.660530
289.209180
300.833220
293.644550
300.429350
287.562000
275.208150
271.085850
285.588750
292.839630
295.169880
291.678620
305.074800
306.558600
319.231350
286.938720
291.497260
293.941710
307.170440
297.150600
284.728440
278.002760
267.786230
267.443860
264.527510
268.813580
270.602520
267.371710
272.877730
278.042780
292.326990
287.604680
277.540770
280.000980
280.326040
290.264980
260.412920
247.064250
236.400440
250.763300
260.121280
255.565430
241.545150
248.271410
262.681820
273.475450
258.396930
266.483170
275.334320
279.283690
277.342000
284.647920
268.785310
268.417840
259.045410
278.445130
279.114370
282.405060
287.722520
283.807430
297.233190
297.608650
313.574280
292.490280
302.930410
320.510620
317.694590
312.259250
301.018860
299.255930
284.380470
304.771230
295.460380
304.855190
306.082360
288.773020
282.434670
288.057360
296.364980
301.561390
317.319950
327.358430
332.768610
337.370230
326.656240
326.145160
321.538800
329.296020
318.810890
305.607000
296.827170
281.084040
276.228040
280.180940
284.888490
274.135010
291.214530
299.550530
305.008150
294.684150
285.986720
273.309400
273.944270
272.667280
273.438340
274.701470
262.792030
268.939360
261.493280
271.126710
275.221570
297.369810
298.914780
317.293580
325.657000
313.816140
288.657710
283.637960
283.948320
290.316920
281.657740
294.580800
265.898380
280.244980
282.506580
292.136200
272.863330
284.892840
301.124620
308.104760
304.681910
306.758300
304.902450
306.588300
298.483700
292.153310
285.370630
295.657440
286.259230
297.346380
275.281940
293.572190
300.790440
313.192820
287.625400
292.141910
288.662530
291.012670
267.727750
272.548410
262.833640
260.876490
249.303900
249.869510
227.155360
231.056460
228.022870
220.543440
211.379790
220.064550
211.039540
207.814630
208.476980
216.560040
208.744640
210.220570
195.837300
192.903550
164.417320
166.095060
154.755950
159.969640
144.264210
160.634880
137.250040
147.294620
151.911460
164.022950
146.072560
146.161120
138.359080
142.683980
118.092750
111.789530
113.171000
129.160980
100.384080
106.195650
85.613813
115.235080
99.794526
99.455140
99.468032
103.425550
114.082120
110.141620
90.342213
91.911335
94.122759
110.554840
83.266601
96.240193
92.166931
118.364520
99.897190
96.593994
89.984770
86.631672
85.473916
76.393070
77.572548
88.690883
77.379348
79.146172
42.777920
65.298416
56.222841
56.073414
40.274793
37.032421
17.538206
19.291985
25.366223
34.502006
35.355112
34.287265
33.961994
28.433193
8.851825
25.784284
23.619997
41.060431
16.750705
23.119550
27.469615
33.548546
19.572808
20.543619
2.508074
0.943292
6.991622
6.891684
-17.174061
-6.916576
-5.823982
-5.366457
-20.014901
-9.866955
-2.947129
-3.065903
0.296891
-14.364988
-10.852074
-6.957342
-15.595654
-18.173809
-28.193321
-20.899794
-40.946257
-24.326781
-20.526613
-7.734987
-25.189095
-29.567009
-24.862436
-35.575062
-44.993451
-47.689366
-47.745147
-49.415874
-63.355140
-58.217988
-79.078938
-53.653564
-50.858919
-44.009563
-63.830035
-68.498947
-75.553361
-63.788274
-54.318460
-72.861912
-83.550119
-76.800199
-74.388889
-86.465443
-110.372320
-102.841970
-98.642806
-86.222651
-96.255258
-96.655888
-112.269900
-99.796114
-78.655562
-80.881141
-89.450298
-82.704294
-73.029852
-55.253013
-63.419711
-74.764896
-76.969892
-58.054275
-65.365356