24.5866666666667
24.7616666666667
23.0916666666667
23.005
23.175
21.8616666666667
19.295
18.5216666666667
21.625
22.5333333333333
24.21
26.1266666666667
23.6266666666667
23.9266666666667
23.0116666666667
22.6316666666667
24.0616666666667
23.69
22.5616666666667
21.4566666666667
21.2883333333333
22.995
24.4666666666667
25.6483333333333
25.6233333333333
26.2966666666667
25.56
25.0783333333333
24.3816666666667
24.4133333333333
24.8566666666667
22.7483333333333
23.2783333333333
22.8633333333333
25.3666666666667
25.2133333333333
24.5683333333333
25.9733333333333
24.395
25.1166666666667
25.5683333333333
25.0783333333333
25.125
25.145
25.0333333333333
25.66
26.3733333333333
27.0483333333333
26.75
25.1933333333333
24.5566666666667
23.7333333333333
24.085
23.7083333333333
23.67
22.5783333333333
21.9083333333333
22.4433333333333
21.2733333333333
22.0733333333333
20.8166666666667
21.7433333333333
21.8366666666667
22.2766666666667
21.86
20.6433333333333
20.155
19.6633333333333
20.7466666666667
21.2266666666667
22.1783333333333
21.73
20.7933333333333
20.055
19.295
16.5483333333333
17.1916666666667
16.83
16.2683333333333
16.2083333333333
15.1083333333333
15.2533333333333
15.4616666666667
16.0383333333333
16.8583333333333
17.5083333333333
16.9116666666667
16.6333333333333
16.725
16.595
17.12
18.2216666666667
18.8033333333333
18.765
18.435
18.3066666666667
18.8233333333333
18.0133333333333
18.6
19.2166666666667
18.3266666666667
17.8916666666667
19.6566666666667
19.7616666666667
20.0716666666667
20.28
20.385
20.94
20.38
20.635
20.3883333333333
20.6716666666667
20.745
21.295
20.9666666666667
22.2866666666667
23.4266666666667
23.9316666666667
24.5716666666667
23.475
23.1
23.54
22.995
21.5916666666667
19.3533333333333
18.3983333333333
19.5466666666667
18.425
18.1733333333333
19.3966666666667
18.61
19.6333333333333
18.2283333333333
18.7816666666667
19.025
17.435
18.9833333333333
18.0116666666667
19.12
19.4683333333333
19.5183333333333
20.3466666666667
21.04
19.895
18.9483333333333
18.925
18.5316666666667
18.5116666666667
17.805
18.1933333333333
17.0166666666667
16.5966666666667
17.27
19.305
19.4733333333333
19.615
19.8666666666667
21.0283333333333
19.2216666666667
20.9133333333333
21.225
20.1866666666667
20.3883333333333
21.1083333333333
18.5333333333333
16.3566666666667
17.1116666666667
16.3333333333333
15.7333333333333
16.385
16.525
16.295
17.6166666666667
17.4733333333333
16.115
17.0733333333333
17.4433333333333
16.1216666666667
16.3416666666667
16.1316666666667
16.6783333333333
17.2233333333333
16.0416666666667
15.25
14.9583333333333
15.9616666666667
15.5533333333333
16.2283333333333
17.515
18.63
19.1033333333333
19.305
20.9316666666667
20.51
22.1316666666667
21.71
20.8983333333333
20.7183333333333
20.9583333333333
21.9216666666667
21.6733333333333
22.55
22.5916666666667
20.9483333333333
20.2966666666667
22.92
23.4066666666667
22.5283333333333
21.83
21.675
22.36
22.3
22.5566666666667
23.3066666666667
23.3566666666667
23.47
22.4716666666667
20.89
21.27
21.2733333333333
19.11
18.0
17.265
17.2
17.3916666666667
17.8583333333333
17.44
19.3683333333333
19.045
19.595
19.1466666666667
18.75
19.0866666666667
18.4433333333333
19.16
19.2433333333333
19.0516666666667
19.8516666666667
20.5333333333333
21.735
21.0216666666667
20.2066666666667
19.4766666666667
19.5
18.4683333333333
17.04
16.76
17.3733333333333
18.4633333333333
17.535
19.045
18.575
18.26
19.08
17.7866666666667
17.3083333333333
17.3266666666667
17.905
17.485
17.3716666666667
17.0416666666667
17.8983333333333
19.2083333333333
19.3416666666667
17.665
18.4
17.115
17.805
19.1866666666667
17.4716666666667
16.8183333333333
15.6116666666667
15.64
15.9566666666667
16.0066666666667
16.8816666666667
17.3416666666667
18.7866666666667
18.5016666666667
17.7133333333333
17.8066666666667
17.1266666666667
17.5833333333333
16.94
17.3116666666667
17.635
19.5766666666667
20.045
20.3316666666667
18.8616666666667
17.44
18.1366666666667
17.2816666666667
16.2316666666667
16.545
17.5016666666667
19.2483333333333
19.8133333333333
19.785
19.4233333333333
18.2716666666667
18.0483333333333
18.98
20.2166666666667
21.9916666666667
22.3283333333333
21.9733333333333
21.9233333333333
22.9066666666667
23.3216666666667
24.05
23.1166666666667
22.8516666666667
23.4516666666667
23.0583333333333
22.6916666666667
22.5033333333333
21.285
20.7916666666667
20.63
19.2816666666667
18.9633333333333
17.88
18.4483333333333
18.8716666666667
20.4583333333333
21.2633333333333
21.405
23.715
25.7016666666667
24.7283333333333
23.5583333333333
22.3216666666667
23.36
23.7983333333333
24.7616666666667
26.4366666666667
23.2666666666667
22.2283333333333
22.325
20.7533333333333
19.93
20.86
19.6583333333333
19.1116666666667
20.1216666666667
20.295
20.4916666666667
20.7283333333333
21.0633333333333
21.7183333333333
22.4783333333333
23.705
23.7883333333333
24.175
25.33
26.4233333333333
27.5883333333333
26.65
25.4433333333333
23.8833333333333
22.165
20.84
19.5433333333333
20.47
19.675
19.0566666666667
19.085
18.08
18.6316666666667
18.9216666666667
19.9633333333333
19.3416666666667
19.7333333333333
20.1033333333333
19.3916666666667
19.7916666666667
20.9783333333333
20.14
20.03
21.3616666666667
22.6166666666667
23.7533333333333
24.4333333333333
25.3683333333333
24.79
22.67
21.0383333333333
19.58
19.6533333333333
19.3433333333333
17.7416666666667
18.0083333333333
18.2833333333333
18.7683333333333
20.3716666666667
19.7716666666667
20.2666666666667
20.2
20.5866666666667
19.4
21.985
21.5283333333333
19.5016666666667
21.5416666666667
24.2216666666667
25.6566666666667
24.7683333333333
25.7883333333333
24.9016666666667
22.8716666666667
21.2216666666667
20.38
20.5116666666667
19.91
20.7466666666667
20.97
22.0133333333333
21.3316666666667
20.9
21.895
23.5733333333333
26.15
24.5
25.135
24.0366666666667
24.35
26.6133333333333
26.135
26.0533333333333
27.235
28.0883333333333
25.99
21.9083333333333
23.565
22.15
21.66
20.1716666666667
20.4616666666667
19.4166666666667
20.115
20.1033333333333
20.43
20.3166666666667
19.3483333333333
19.55
19.8516666666667
20.985
21.0183333333333
19.9816666666667
20.3466666666667
20.6466666666667
19.8566666666667
20.0566666666667
20.6916666666667
21.22
21.3633333333333
20.18
20.17
21.2266666666667
21.6983333333333
21.2466666666667
19.755
18.485
17.5883333333333
19.1166666666667
18.3483333333333
19.1466666666667
21.6233333333333
21.2
20.91
19.925
17.9616666666667
18.8183333333333
19.14
20.7583333333333
20.2416666666667
20.0283333333333
19.8783333333333
20.3066666666667
18.245
19.2466666666667
18.06
16.1433333333333
15.6216666666667
17.1066666666667
17.7416666666667
17.905
17.2316666666667
17.1566666666667
17.8483333333333
17.5683333333333
17.1183333333333
19.1483333333333
19.79
20.0783333333333
20.215
20.0633333333333
20.1083333333333
20.7533333333333
20.6866666666667
21.6483333333333
22.02
21.5983333333333
20.305
20.5433333333333
21.0133333333333
21.3566666666667
21.37
20.0083333333333
21.8683333333333
23.0016666666667
22.3366666666667
22.36
23.1016666666667
22.425
23.8533333333333
21.2833333333333
22.23
20.2983333333333
21.1266666666667
20.6333333333333
18.9683333333333
21.0983333333333
21.88
19.77
20.815
21.8716666666667
21.2066666666667
20.4733333333333
19.78
19.1283333333333
18.6083333333333
17.6916666666667
17.78
17.5016666666667
18.7116666666667
20.4666666666667
21.8483333333333
21.8583333333333
21.9916666666667
21.3033333333333
20.8316666666667
21.0833333333333
21.365
20.6066666666667
22.0666666666667
22.3683333333333
23.14
24.9483333333333
26.6783333333333
25.5916666666667
25.1233333333333
23.5983333333333
23.55
22.5866666666667
19.8933333333333
19.1616666666667
17.4166666666667
16.115
18.275
19.5
18.93
19.0016666666667
18.4616666666667
17.765
18.635
18.7983333333333
19.0683333333333
20.4466666666667
21.8683333333333
21.8916666666667
21.7783333333333
22.15
23.2266666666667
22.6183333333333
22.0583333333333
21.9033333333333
21.5383333333333
21.3016666666667
19.745
19.05
18.5466666666667
16.9433333333333
17.6516666666667
18.8716666666667
18.985
19.2466666666667
19.5333333333333
19.3183333333333
18.725
18.94
18.2233333333333
18.9666666666667
19.6583333333333
18.8733333333333
18.2066666666667
18.695
19.85
20.1366666666667
18.5783333333333
17.67
16.3216666666667
16.445
16.3483333333333
15.785
15.3483333333333
15.3066666666667
14.4616666666667
14.2116666666667
14.9416666666667
16.615
16.0083333333333
16.6216666666667
17.355
17.225
16.24
16.21
15.3
13.7566666666667
12.5666666666667
13.2383333333333
14.335
12.9383333333333
13.8916666666667
14.7866666666667
15.5
15.8283333333333
15.96
15.4316666666667
16.2683333333333
19.4566666666667
17.61
16.3166666666667
17.2616666666667
18.8216666666667
19.74
17.9833333333333
17.4833333333333
16.745
17.1416666666667
17.6033333333333
16.3966666666667
15.3133333333333
17.47
18.4666666666667
20.05
18.6183333333333
19.1733333333333
17.495
17.625
18.805
19.03
19.7666666666667
20.4383333333333
20.625
22.7516666666667
23.1166666666667
19.8716666666667
18.7016666666667
22.3866666666667
25.4533333333333
26.2783333333333
25.5983333333333
26.41
27.1966666666667
26.765
26.045
26.05
25.3333333333333
25.5483333333333
24.6983333333333
24.2766666666667
22.4383333333333
20.9466666666667
21.8366666666667
19.5433333333333
17.6916666666667
17.78
16.26
15.35
14.885
15.5316666666667
16.14
17.625
18.745
19.2183333333333
19.7683333333333
20.3716666666667
20.3916666666667
21.975
19.55
19.3666666666667
23.73
24.3966666666667
22.7283333333333
21.845
21.58
19.6283333333333
18.9566666666667
17.8716666666667
17.0216666666667
16.5116666666667
15.4766666666667
15.7833333333333
16.3583333333333
16.1533333333333
17.0966666666667
17.6266666666667
15.6283333333333
15.75
16.5366666666667
16.255
16.59
15.3783333333333
14.0666666666667
14.8483333333333
15.215
17.5033333333333
17.9716666666667
17.5616666666667
15.54
13.395
12.0783333333333
10.51
11.635
12.3533333333333
13.07
13.2333333333333
12.7183333333333
13.0733333333333
12.7616666666667
13.565
12.0683333333333
12.5983333333333
13.305
14.9316666666667
15.3
15.85
17.8
17.9066666666667
16.345
18.8116666666667
19.6366666666667
18.09
16.1933333333333
14.3616666666667
11.665
11.15
11.4633333333333
11.9183333333333
11.0666666666667
12.0033333333333
12.7966666666667
12.645
11.175
10.355
11.31
12.4966666666667
10.5733333333333
11.3083333333333
13.8816666666667
15.225
14.8016666666667
15.16
14.92
16.58
16.05
15.0883333333333
14.8616666666667
13.925
14.7533333333333
14.0316666666667
14.0983333333333
15.0216666666667
14.6783333333333
14.37
14.5
14.1116666666667
15.3133333333333
15.86
14.8716666666667
16.3433333333333
18.1133333333333
18.935
17.7116666666667
16.27
17.6283333333333
18.4533333333333
18.3466666666667
18.3866666666667
18.6466666666667
18.8116666666667
17.755
16.96
15.145
15.11
15.0383333333333
15.2533333333333
14.0283333333333
13.4416666666667
14.05
13.9816666666667
14.9966666666667
15.0333333333333
15.8016666666667
15.6166666666667
16.43
17.6683333333333
15.31
16.155
20.3466666666667
21.355
21.4416666666667
22.0933333333333
19.9833333333333
19.6983333333333
19.505
20.36
19.1033333333333
16.5383333333333
15.2616666666667
15.1733333333333
17.9316666666667
17.795
17.4666666666667
18.2833333333333
18.115
18.9966666666667
17.655
18.835
18.6966666666667
17.2433333333333
17.5033333333333
18.105
17.2616666666667
17.9416666666667
18.3883333333333
18.7633333333333
17.8933333333333
17.5316666666667
17.625
16.0583333333333
15.3633333333333
15.8466666666667
15.2183333333333
15.6766666666667
15.4683333333333
18.7
17.7866666666667
18.89
18.975
18.34
18.075
19.5116666666667
20.6433333333333
18.8416666666667
18.195
17.7183333333333
15.9466666666667
17.7633333333333
16.8283333333333
17.425
17.8116666666667
18.915
17.2
16.1616666666667
16.0983333333333
15.6516666666667
14.79
13.4883333333333
14.7383333333333
13.3116666666667
12.2533333333333
12.9883333333333
14.4766666666667
14.475
14.4666666666667
14.245
13.3466666666667
12.3016666666667
13.96
13.5133333333333
14.315
14.71
14.65
15.375
16.28
16.4516666666667
17.0533333333333
14.8183333333333
13.835
13.1733333333333
12.3083333333333
14.8266666666667
12.5116666666667
12.0983333333333
12.355
12.8016666666667
13.0316666666667
12.6366666666667
13.39
13.1366666666667
12.8616666666667
16.3333333333333
16.1883333333333
15.1533333333333
16.1283333333333
16.4416666666667
14.925
15.18
15.655
14.5783333333333
16.0016666666667
13.655
14.585
14.075
13.6783333333333
11.9583333333333
12.3233333333333
12.455
11.2066666666667
12.7683333333333
14.8666666666667
15.2966666666667
15.8466666666667
17.1116666666667
16.985
17.3716666666667
17.4033333333333
18.97
17.7283333333333
17.2633333333333
15.5133333333333
18.2933333333333
19.72
20.275
18.3983333333333
16.3983333333333
14.9916666666667
13.4266666666667
14.09
14.2566666666667
17.265
17.7783333333333
17.5833333333333
18.375
20.0466666666667
20.01
18.855
18.7183333333333
16.9283333333333
16.445
18.2716666666667
17.1966666666667
16.75
16.1333333333333
13.0
13.1433333333333
11.2283333333333
10.25
11.3816666666667
9.98166666666667
10.0933333333333
9.335
9.26666666666667
8.45
7.74333333333333
6.95
8.13333333333333
10.3166666666667
10.87
11.6533333333333
12.18
12.02
10.3533333333333
9.70166666666667
8.40166666666667
10.0983333333333
8.25333333333333
8.8
11.0266666666667
10.9283333333333
9.01666666666667
7.68
6.80833333333333
7.60666666666667
8.57166666666667
8.04666666666667
8.99333333333333
8.74833333333333
8.70833333333333
9.28166666666667
9.61166666666667
10.9016666666667
11.1
12.3166666666667
12.4816666666667
12.265
12.7583333333333
12.9616666666667
12.8616666666667
12.5933333333333
12.165
12.2233333333333
12.755
11.9466666666667
14.2833333333333
15.1916666666667
13.945
13.31
12.8983333333333
13.155
13.3566666666667
14.8266666666667
15.4466666666667
18.2066666666667
17.06
16.285
14.9283333333333
16.2383333333333
15.61
15.0216666666667
17.0183333333333
16.2233333333333
15.5483333333333
15.8816666666667
17.65
18.4733333333333
18.9283333333333
18.9266666666667
17.5183333333333
17.5083333333333
16.9383333333333
15.07
15.2983333333333
14.7816666666667
13.625
13.665
12.6016666666667
11.7966666666667
12.145
11.43
12.1383333333333
14.05
15.62
15.6933333333333
16.7366666666667
17.4883333333333
17.5483333333333
16.9483333333333
17.14
18.075
18.665
20.1883333333333
19.6766666666667
17.6883333333333
16.4466666666667
15.4833333333333
14.9266666666667
14.0333333333333
13.8316666666667
13.4633333333333
13.1016666666667
11.8516666666667
13.3166666666667
13.8666666666667
14.0966666666667
14.7683333333333
14.895
14.04
15.5716666666667
16.6816666666667
17.77
16.6133333333333
17.845
19.2133333333333
20.4416666666667
22.1666666666667
22.3083333333333
20.16
20.795
20.7816666666667
18.205
17.3683333333333
15.6116666666667
14.7016666666667
14.1516666666667
14.2983333333333
13.8416666666667
14.11
14.785
15.7
17.4683333333333
18.3333333333333
19.545
20.88
21.2166666666667
20.2166666666667
20.5
20.435
19.6933333333333
19.98
18.065
16.2166666666667
14.1116666666667
13.98
13.28
12.1616666666667
11.88
12.2716666666667
11.845
12.115
13.2483333333333
13.0466666666667
12.9633333333333
14.3333333333333
14.665
15.6966666666667
15.6433333333333
13.9633333333333
13.725
15.8
16.4483333333333
15.23
16.8966666666667
15.39
16.4633333333333
14.9283333333333
15.7283333333333
14.0366666666667
14.9616666666667
14.7883333333333
13.81
13.9333333333333
13.7816666666667
12.6066666666667
12.2433333333333
13.1516666666667
15.56
16.43
13.7083333333333
14.9333333333333
14.2433333333333
14.7816666666667
14.8083333333333
14.065
13.7533333333333
12.2216666666667
13.6016666666667
14.1866666666667
14.1916666666667
13.1183333333333
11.555
10.7666666666667
10.7433333333333
10.76
9.84166666666667
11.805
11.0283333333333
12.88
11.98
13.1
13.045
13.815
13.9483333333333
14.4516666666667
13.5483333333333
13.4316666666667
13.5066666666667
14.3983333333333
12.6583333333333
11.6366666666667
12.6683333333333
13.47
13.9733333333333
12.7716666666667
12.6083333333333
11.545
10.5983333333333
9.91833333333333
8.41333333333333
9.12166666666666
9.02833333333333
10.3266666666667
10.2216666666667
10.205
11.4816666666667
12.1733333333333
11.8183333333333
11.9216666666667
12.6716666666667
11.2983333333333
11.5216666666667
11.94
11.99
12.0216666666667
12.23
12.55
12.8116666666667
12.5466666666667
11.4683333333333
9.75666666666667
9.345
9.16166666666667
9.285
9.20666666666667
9.945
11.1916666666667
12.4
11.8883333333333
12.2366666666667
12.6916666666667
12.7033333333333
13.39
12.6566666666667
13.125
14.255
14.9283333333333
15.8066666666667
14.4533333333333
15.675
15.8433333333333
15.725
14.4
12.5866666666667
12.5533333333333
12.3216666666667
10.6066666666667
10.845
12.09
11.9233333333333
13.1283333333333
13.3966666666667
13.63
14.9216666666667
14.5316666666667
14.95
14.7183333333333
14.2533333333333
14.5533333333333
14.305
14.2833333333333
13.9983333333333
15.2
13.2583333333333
15.2883333333333
15.5083333333333
16.2266666666667
15.8533333333333
15.595
15.4233333333333
14.64
14.55
13.3433333333333
13.1366666666667
12.4533333333333
12.3083333333333
12.755
11.8516666666667
13.4166666666667
14.4416666666667
15.7716666666667
15.6333333333333
15.715
16.0166666666667
16.1116666666667
16.04
14.8416666666667
15.2416666666667
16.0733333333333
16.0283333333333
15.5716666666667
16.2833333333333
14.63
14.9166666666667
15.605
15.5516666666667
12.235
12.0466666666667
14.3533333333333
14.635
14.655
13.2316666666667
15.55
13.585
14.7666666666667
13.9983333333333
15.48
13.6783333333333
12.9866666666667
12.9166666666667
13.6166666666667
12.395
13.5366666666667
14.6233333333333
15.32
14.2216666666667
12.8766666666667
13.7983333333333
11.3283333333333
11.9766666666667
11.675
12.185
13.4383333333333
13.4283333333333
14.1983333333333
13.735
14.5966666666667
15.75
14.8183333333333
12.885
12.95
14.0183333333333
14.435
13.09
13.3066666666667
13.535
13.4266666666667
13.1183333333333
12.6616666666667
11.4866666666667
12.1016666666667
12.66
12.9
12.6716666666667
12.505
13.605
12.4483333333333
13.9533333333333
13.7116666666667
14.655
12.84
14.785
15.765
16.285
15.68
16.495
14.455
15.2183333333333
17.0983333333333
17.7066666666667
17.21
16.0633333333333
17.7466666666667
16.9833333333333
16.4033333333333
13.55
13.545
14.7483333333333
15.6933333333333
14.4766666666667
13.8783333333333
15.27
15.0783333333333
15.2033333333333
17.92
19.0233333333333
19.0666666666667
18.2366666666667
18.385
20.23
19.5583333333333
18.975
20.1816666666667
20.575
21.16
20.5966666666667
21.5633333333333
20.1033333333333
17.0333333333333
13.5916666666667
15.03
15.4583333333333
13.8516666666667
13.09
13.02
13.785
13.685
13.76
14.525
17.65
19.895
20.1
19.7716666666667
20.935
20.965
21.865
20.41
20.4716666666667
20.28
18.62
18.3866666666667
13.91
12.755
13.2233333333333
12.1483333333333
11.8216666666667
11.7666666666667
12.115
12.03
12.7583333333333
13.4733333333333
13.7016666666667
14.5316666666667
13.465
11.3166666666667
13.25
13.2933333333333
12.855
12.94
15.0066666666667
16.41
16.57
14.575
16.125
15.2033333333333
14.53
12.0166666666667
10.5566666666667
10.1616666666667
9.68166666666667
9.07833333333333
10.435
11.5
11.0516666666667
11.02
12.0783333333333
10.965
11.6283333333333
11.7783333333333
10.4333333333333
8.89666666666667
8.86333333333333
8.045
8.765
8.59333333333333
8.015
9.41166666666667
8.715
9.66666666666667
9.29666666666667
8.8
9.16
9.79
9.38666666666667
9.87166666666667
9.41666666666667
10.5366666666667
11.84
12.67
13.1716666666667
12.2383333333333
12.06
12.43
11.5583333333333
13.105
13.24
13.5433333333333
15.1183333333333
17.9666666666667
18.8033333333333
18.6266666666667
18.4733333333333
14.6766666666667
14.105
13.2483333333333
13.7833333333333
14.085
13.755
15.5683333333333
13.97
17.2916666666667
19.8816666666667
21.2683333333333
23.0483333333333
22.7883333333333
22.2283333333333
19.0916666666667
22.3016666666667
22.71
22.8816666666667
22.715
21.57
21.0466666666667
21.2033333333333
21.5733333333333
21.5066666666667
21.725
20.52
18.5383333333333
17.4416666666667
15.1466666666667
15.0833333333333
14.5383333333333
13.7633333333333
12.31
12.8716666666667
12.5166666666667
12.035
13.9183333333333
14.0716666666667
14.5433333333333
14.1466666666667
14.0633333333333
13.9216666666667
14.5233333333333
14.3066666666667
13.9983333333333
12.845
12.6266666666667
13.975
13.315
12.8566666666667
11.9516666666667
10.6116666666667
9.60833333333333
8.87666666666667
8.94166666666667
9.06833333333333
11.1916666666667
12.3566666666667
13.3016666666667
12.905
12.495
12.045
11.76
12.6583333333333
11.7266666666667
11.2833333333333
11.79
12.8616666666667
13.2166666666667
12.8033333333333
11.2733333333333
11.0233333333333
9.93833333333333
9.27666666666667
9.85833333333333
9.02166666666667
7.78166666666667
7.895
7.80166666666667
9.93333333333333
12.2383333333333
13.5016666666667
13.8683333333333
13.3466666666667
14.1083333333333
14.575
13.8883333333333
13.9833333333333
14.3783333333333
15.11
15.0416666666667
14.5566666666667
15.7316666666667
14.3866666666667
14.2083333333333
13.4466666666667
14.3466666666667
14.15
14.2733333333333
13.5916666666667
13.2833333333333
12.8166666666667
14.16
13.835
13.5616666666667
12.4533333333333
12.5783333333333
13.5966666666667
13.755
15.835
15.9366666666667
15.1366666666667
14.33
15.845
16.4116666666667
18.1566666666667
18.55
18.1533333333333
17.7416666666667
17.4
15.2033333333333
15.3233333333333
13.0266666666667
11.78
11.4866666666667
11.635
11.3616666666667
11.645
12.5233333333333
13.5533333333333
14.3966666666667
14.395
14.1733333333333
14.785
15.3483333333333
14.8733333333333
15.2316666666667
13.785
14.0566666666667
13.8166666666667
13.4333333333333
13.7783333333333
13.5333333333333
12.2783333333333
11.605
11.4416666666667
9.41833333333333
9.04333333333333
9.34833333333333
9.52333333333333
8.75833333333333
8.51833333333333
11.2933333333333
12.81
11.8066666666667
12.6016666666667
12.33
13.4333333333333
14.6016666666667
14.1766666666667
14.7966666666667
16.1316666666667
15.8766666666667
14.67
15.8433333333333
13.285
12.425
13.28
15.0416666666667
13.2983333333333
11.8433333333333
10.0833333333333
9.20833333333333
8.89666666666667
8.60833333333333
9.14333333333333
11.8233333333333
12.7966666666667
12.6083333333333
13.62
14.2566666666667
14.5233333333333
14.33
13.4716666666667
13.055
13.5766666666667
14.1183333333333
13.1533333333333
13.435
13.7583333333333
13.7333333333333
14.435
13.395
11.795
10.94
11.2866666666667
11.6866666666667
11.855
11.815
13.67
13.5683333333333
15.7266666666667
15.7616666666667
15.3916666666667
14.5816666666667
14.215
13.9483333333333
13.3233333333333
13.7533333333333
13.635
12.4883333333333
12.485
13.1116666666667
13.7133333333333
13.8566666666667
14.75
13.9983333333333
13.3683333333333
13.0716666666667
11.7166666666667
10.5033333333333
10.4583333333333
11.5666666666667
10.2533333333333
11.2716666666667
12.2816666666667
11.805
12.5833333333333
13.4533333333333
13.6066666666667
13.4833333333333
12.8
12.5416666666667
13.17
12.4316666666667
13.39
14.2716666666667
14.785
14.3983333333333
14.6183333333333
13.1283333333333
12.5383333333333
12.3
11.8683333333333
10.355
9.265
9.47333333333333
10.8716666666667
10.9583333333333
12.0783333333333
14.12
14.665
15.2
14.3266666666667
15.0433333333333
14.735
13.5083333333333
12.985
13.7116666666667
13.865
14.6316666666667
16.3083333333333
15.8533333333333
14.2816666666667
13.7333333333333
13.0716666666667
13.7416666666667
12.8583333333333
10.7683333333333
12.075
11.3633333333333
10.6166666666667
12.39
13.6316666666667
14.855
14.4833333333333
13.26
12.975
12.59
12.3783333333333
12.5116666666667
12.1183333333333
11.695
11.475
11.2366666666667
10.9916666666667
9.71833333333333
9.00833333333333
7.98166666666667
6.69833333333333
6.27833333333333
6.16166666666667
6.91666666666667
6.39166666666667
6.4
6.55166666666667
7.01
6.55333333333333
10.2766666666667
10.3916666666667
10.8866666666667
11.4933333333333
12.46
12.545
11.72
11.09
10.545
9.01166666666667
8.73833333333333
8.13
6.645
6.87333333333333
7.16666666666667
6.82166666666667
6.35166666666667
6.36166666666667
7.395
7.03333333333333
7.65666666666667
8.53
7.93333333333333
8.26833333333333
9.15666666666667
11.22
13.785
12.3366666666667
13.4283333333333
14.3716666666667
13.2333333333333
11.6016666666667
10.595
11.2283333333333
12.4133333333333
13.0583333333333
11.3816666666667
11.4366666666667
11.1783333333333
10.8066666666667
10.355
9.50333333333333
9.91333333333333
11.1866666666667
10.7483333333333
11.9516666666667
12.365
14.2166666666667
13.5683333333333
13.6083333333333
16.8833333333333
13.3583333333333
13.6933333333333
14.1433333333333
14.7116666666667
15.23
13.585
11.47
13.035
12.0466666666667
13.5
14.395
15.49
13.735
14.6483333333333
13.335
13.495
14.465
15.31
15.9583333333333
18.1716666666667
18.03
18.3133333333333
18.9316666666667
15.7383333333333
14.0083333333333
14.7166666666667
18.0233333333333
16.28
15.6333333333333
16.1983333333333
14.0366666666667
12.4733333333333
11.65
12.2333333333333
13.75
12.565
13.47
13.6083333333333
14.135
13.7133333333333
15.05
15.7233333333333
14.42
13.9783333333333
12.145
12.465
11.4766666666667
11.525
11.6683333333333
12.645
14.5483333333333
15.42
15.1383333333333
16.59
16.885
16.7683333333333
19.34
20.05
19.9633333333333
18.7916666666667
15.475
14.735
13.4666666666667
13.5416666666667
12.38
12.76
11.565
10.84
13.2716666666667
15.76
15.9033333333333
15.2883333333333
14.415
14.0266666666667
14.6133333333333
14.3833333333333
13.0416666666667
13.0716666666667
13.7166666666667
13.9383333333333
15.4916666666667
14.6516666666667
13.8616666666667
12.44
12.1466666666667
10.9283333333333
9.94
9.98
11.5966666666667
12.2366666666667
13.1683333333333
15.3
15.2933333333333
15.2783333333333
15.415
17.5133333333333
16.3283333333333
15.745
15.9683333333333
15.4633333333333
17.9666666666667
18.495
18.3183333333333
18.0216666666667
16.0433333333333
15.6983333333333
16.3583333333333
16.1766666666667
15.7816666666667
14.695
13.895
12.585
13.2783333333333
13.3766666666667
12.4733333333333
12.875
13.7466666666667
14.5483333333333
16.4916666666667
16.2366666666667
18.4416666666667
17.4666666666667
16.7233333333333
17.3166666666667
17.1466666666667
16.905
16.5433333333333
16.7583333333333
18.535
18.2683333333333
18.515
17.8
14.3483333333333
14.0633333333333
13.715
13.6316666666667
14.8683333333333
13.68
14.16
11.3966666666667
13.2616666666667
13.9733333333333
15.3933333333333
13.895
13.7816666666667
14.9766666666667
12.7683333333333
14.1316666666667
14.6366666666667
15.0266666666667
16.32
17.6216666666667
17.9283333333333
14.1266666666667
13.625
13.06
12.7483333333333
12.995
11.3583333333333
9.375
10.4183333333333
9.645
9.12833333333333
10.005
9.90166666666667
11.1183333333333
12.74
14.1283333333333
13.975
13.7883333333333
13.88
15.535
13.745
15.44
14.0633333333333
14.385
15.575
16.4333333333333
14.12
12.7183333333333
13.5583333333333
15.5
13.96
12.5833333333333
13.3016666666667
10.5483333333333
8.27333333333334
10.6616666666667
11.8983333333333
13.5216666666667
13.4283333333333
13.7283333333333
12.2516666666667
12.7566666666667
13.8816666666667
13.5533333333333
14.3783333333333
14.39
12.8816666666667
15.4283333333333
15.5066666666667
15.6533333333333
15.5966666666667
14.5833333333333
12.5116666666667
11.755
10.585
10.3466666666667
10.3466666666667
8.96666666666667
10.0416666666667
10.605
11.0833333333333
11.54
12.07
13.7116666666667
13.1566666666667
12.29
13.2366666666667
13.1783333333333
13.08
11.5816666666667
12.7783333333333
12.47
10.8183333333333
14.165
13.9833333333333
12.73
11.9433333333333
11.2566666666667
11.0516666666667
10.1016666666667
11.17
11.8483333333333
11.3533333333333
12.3533333333333
12.5133333333333
12.4866666666667
13.995
14.8633333333333
14.3383333333333
15.0733333333333
15.9516666666667
14.3816666666667
13.3
14.0766666666667
15.8266666666667
15.5216666666667
14.7416666666667
17.455
15.805
13.705
14.1416666666667
14.775
12.9883333333333
12.56
11.5766666666667
10.885
12.1466666666667
12.1133333333333
12.6466666666667
12.125
11.9583333333333
11.0533333333333
11.465
11.96
11.8016666666667
12.6
11.6883333333333
13.2066666666667
13.3583333333333
12.3533333333333
12.8383333333333
15.4883333333333
15.075
13.3
12.105
11.9266666666667
10.3516666666667
10.5916666666667
11.0516666666667
10.4833333333333
10.785
10.6466666666667
11.2666666666667
10.695
11.8766666666667
11.8333333333333
12.2033333333333
11.2216666666667
11.1766666666667
12.1
13.265
11.265
10.53
9.97166666666667
12.1833333333333
13.1233333333333
12.8116666666667
11.67
12.7016666666667
11.8083333333333
12.4933333333333
12.1583333333333
11.425
12.0716666666667
12.28
12.66
10.7133333333333
10.7833333333333
11.3666666666667
10.41
11.515
12.48
12.9433333333333
13.2766666666667
14.6033333333333
14.345
12.88
13.325
15.0216666666667
15.04
15.0833333333333
15.005
14.195
12.7633333333333
12.11
11.1683333333333
10.5683333333333
9.59833333333333
9.805
8.75333333333333
10.87
12.5766666666667
14.0016666666667
13.65
12.8716666666667
12.5083333333333
12.5233333333333
11.6716666666667
12.98
13.93
13.19
12.9916666666667
13.6716666666667
14.3316666666667
12.6383333333333
12.275
10.39
9.24
8.84333333333333
8.695
8.37666666666667
7.84333333333333
7.84
7.99166666666667
10.3466666666667
12.2233333333333
13.1366666666667
14.165
14.5416666666667
14.725
14.765
12.3033333333333
12.2166666666667
12.7466666666667
14.05
14.3633333333333
13.12
14.1033333333333
13.8083333333333
13.7133333333333
12.9183333333333
11.3166666666667
11.1133333333333
11.6983333333333
10.7516666666667
11.5783333333333
11.705
11.7266666666667
11.67
11.11
12.3
12.73
13.8666666666667
16.975
15.005
13.105
13.3933333333333
13.5166666666667
14.6016666666667
16.3133333333333
16.4816666666667
11.9916666666667
10.7733333333333
13.1133333333333
13.7733333333333
13.965
13.4483333333333
12.4866666666667
12.015
11.5983333333333
11.8433333333333
11.7483333333333
11.9666666666667
13.6483333333333
13.8033333333333
13.995
14.5666666666667
14.6333333333333
14.5466666666667
14.1133333333333
13.2033333333333
12.4866666666667
13.0116666666667
13.0516666666667
14.9
13.7583333333333
12.4466666666667
11.0666666666667
11.3183333333333
10.305
9.71333333333333
9.895
9.36666666666667
10.4966666666667
10.69
12.5583333333333
13.3766666666667
13.74
13.5016666666667
13.655
13.0933333333333
11.9283333333333
11.885
12.245
13.0983333333333
12.4916666666667
12.3083333333333
12.08
11.21
11.6116666666667
11.4933333333333
11.6833333333333
9.87333333333333
9.89666666666667
9.585
9.72666666666667
9.39333333333333
10.1683333333333
10.27
11.24
11.2016666666667
12.1616666666667
12.1616666666667
12.365
12.3033333333333
12.2016666666667
12.1683333333333
12.0916666666667
13.8166666666667
13.32
12.8383333333333
14.0616666666667
14.6233333333333
13.5483333333333
11.845
11.16
9.27333333333333
8.29
8.28666666666667
8.92333333333333
9.27333333333333
9.31666666666667
8.75166666666667
10.6283333333333
12.27
12.7833333333333
13.205
12.3966666666667
12.2233333333333
11.51
11.53
12.56
12.2766666666667
9.865
8.785
10.13
9.98333333333333
9.35166666666667
6.60666666666667
5.22166666666667
6.17666666666667
8.01
9.425
9.55333333333333
10.1416666666667
10.0833333333333
9.00833333333333
11.0233333333333
12.54
14.1083333333333
12.7416666666667
13.29
13.74
12.4066666666667
12.125
11.685
10.8
10.6
10.8683333333333
11.6983333333333
12.36
11.6883333333333
8.50333333333333
8.685
8.19833333333333
8.455
9.6
9.125
9.63333333333333
10.6616666666667
10.4683333333333
12.2433333333333
14.68
15.8916666666667
16.6566666666667
15.6883333333333
13.9883333333333
12.8666666666667
13.17
13.995
14.5616666666667
14.7483333333333
18.0966666666667
13.895
12.605
12.5783333333333
11.8183333333333
10.2316666666667
12.1716666666667
11.5416666666667
10.6533333333333
10.8866666666667
11.65
11.9916666666667
12.5383333333333
13.1333333333333
13.8333333333333
14.9766666666667
13.3
12.625
13.4383333333333
12.7433333333333
10.87
12.0016666666667
11.6483333333333
12.6533333333333
11.82
11.395
11.8366666666667
12.9783333333333
13.5633333333333
12.7283333333333
11.6866666666667
10.565
11.2383333333333
10.7033333333333
9.95166666666667
11.0533333333333
12.215
13.1966666666667
15.2766666666667
15.9666666666667
16.4133333333333
16.59
17.345
17.065
17.04
16.8683333333333
16.51
16.7
15.7766666666667
13.04
14.205
15.1333333333333
15.1083333333333
13.5466666666667
12.3433333333333
12.46
12.355
11.8666666666667
11.83
12.3033333333333
11.6516666666667
11.7616666666667
11.225
13.4783333333333
13.9683333333333
12.3933333333333
10.7983333333333
10.3083333333333
10.6366666666667
11.1916666666667
10.0316666666667
9.77166666666667
10.2283333333333
9.78666666666667
10.36
12.7366666666667
12.9916666666667
12.0383333333333
11.1766666666667
11.2683333333333
10.4716666666667
10.2116666666667
9.965
9.635
10.1666666666667
10.3333333333333
13.2083333333333
15.275
15.8533333333333
15.62
15.645
14.3916666666667
12.96
12.6016666666667
12.73
11.8233333333333
11.8766666666667
12.3883333333333
12.2683333333333
11.6083333333333
11.2683333333333
11.05
9.87166666666667
9.25
8.99
9.39833333333333
9.195
9.24166666666667
7.835
7.21833333333333
9.13666666666667
12.4933333333333
12.265
13.1016666666667
13.6966666666667
12.6133333333333
12.315
11.935
11.31
11.04
11.49
11.4383333333333
10.7033333333333
10.645
9.645
8.88833333333333
8.265
7.42833333333333
6.43333333333333
6.49166666666667
5.88
7.11
7.145
5.48833333333333
6.43833333333333
10.4166666666667
14.3983333333333
13.0066666666667
13.715
13.1816666666667
12.585
11.3066666666667
11.99
11.0866666666667
10.2433333333333
10.545
10.7716666666667
9.44833333333333
8.04333333333333
6.835
6.21833333333333
5.69666666666667
5.175
5.54666666666667
6.54
5.50666666666667
6.30833333333333
6.215
7.23
9.95666666666667
10.5016666666667
11.1216666666667
11.225
11.08
11.125
11.455
10.3833333333333
11.1866666666667
10.705
10.6033333333333
10.675
8.24333333333333
7.64333333333333
6.665
6.31666666666667
6.07333333333333
6.17
6.835
6.08333333333333
6.28
10.6116666666667
10.9616666666667
13.0233333333333
14.8633333333333
15.2333333333333
15.66
14.39
14.6133333333333
14.595
15.36
16.3266666666667
14.2466666666667
14.335
15.8533333333333
15.3783333333333
15.885
16.9033333333333
17.2466666666667
18.27
16.0266666666667
15.425
16.235
15.5183333333333
15.7933333333333
15.76
16.5033333333333
13.55
11.1383333333333
13.9166666666667
16.5233333333333
15.345
15.875
16.145
14.665
13.96
14.855
16.3816666666667
16.6883333333333
15.335
13.7466666666667
13.125
13.11
13.5783333333333
13.025
12.0633333333333
11.56
11.135
11.1066666666667
12.4066666666667
11.99
12.4133333333333
13.45
13.7183333333333
13.575
13.9316666666667
12.8066666666667
12.1366666666667
11.8566666666667
11.68
10.74
10.5483333333333
10.905
11.8833333333333
11.8016666666667
10.7183333333333
9.35333333333333
8.28
7.635
7.01333333333333
7.31666666666667
7.46666666666667
7.13333333333333
6.97666666666667
6.87
7.68166666666667
8.60666666666667
11.1366666666667
11.8266666666667
11.8416666666667
12.065
12.2633333333333
10.975
11.115
11.4466666666667
9.27833333333333
8.49833333333333
11.655
8.48
6.95166666666667
6.33666666666667
6.02833333333333
6.60666666666667
6.60333333333333
6.08
6.65666666666667
7.09166666666667
6.875
7.73833333333333
7.66
8.215
11.045
13.985
13.6266666666667
11.7033333333333
13.5266666666667
13.2466666666667
11.7416666666667
12.675
12.1433333333333
12.0216666666667
12.3816666666667
11.4516666666667
10.1966666666667
9.25333333333333
7.91166666666667
6.80333333333333
6.71166666666667
5.92166666666667
6.88666666666667
7.25166666666667
7.93166666666667
8.23
8.525
9.77333333333333
10.485
9.695
11.5716666666667
12.2183333333333
12.745
12.945
11.3666666666667
11.1516666666667
11.5416666666667
12.0183333333333
11.1516666666667
10.5216666666667
10.1216666666667
8.79166666666667
7.32333333333333
6.35833333333333
6.56333333333333
6.51666666666667
7.23
6.75166666666667
5.54833333333333
8.77666666666667
8.13
7.45666666666667
9.09833333333333
8.48333333333333
11.7233333333333
11.545
9.58666666666667
6.09166666666667
8.775
10.6216666666667
10.8516666666667
9.36333333333333
8.30166666666667
8.25833333333333
9.43
10.3966666666667
10.9
12.435
13.2116666666667
13.72
13.7816666666667
14.0516666666667
13.1633333333333
12.765
13.955
11.9416666666667
12.2866666666667
13.595
11.045
13.3833333333333
15.265
14.28
13.535
14.1683333333333
15.8566666666667
16.265
16.8166666666667
15.9783333333333
17.4216666666667
18.3816666666667
17.8983333333333
18.4033333333333
17.1533333333333
16.6716666666667
15.6616666666667
15.855
16.8483333333333
15.15
14.35
13.865
16.9933333333333
20.5283333333333
21.4766666666667
22.36
21.525
20.7333333333333
21.9433333333333
21.53
20.31
20.0466666666667
20.0783333333333
20.69
18.6783333333333
16.335
15.585
15.19
14.2266666666667
14.8283333333333
15.1566666666667
14.9016666666667
14.5466666666667
14.4116666666667
14.4016666666667
13.2883333333333
14.8133333333333
14.8583333333333
16.6533333333333
15.26
14.8866666666667
13.33
11.5
11.075
11.4166666666667
13.4266666666667
13.8333333333333
15.355
14.5316666666667
13.5766666666667
12.6366666666667
12.0383333333333
11.965
11.0383333333333
11.66
11.9
11.7
13.0366666666667
14.995
15.3083333333333
15.06
14.6566666666667
13.9666666666667
12.6133333333333
11.8383333333333
13.7566666666667
13.79
13.7766666666667
11.9333333333333
12.0133333333333
12.845
12.3666666666667
14.415
14.33
15.0766666666667
14.0716666666667
13.375
12.5316666666667
11.355
11.4683333333333
13.105
13.25
13.6716666666667
11.96
15.3633333333333
15.0666666666667
12.6083333333333
13.0
12.5116666666667
12.8683333333333
13.6116666666667
14.5033333333333
15.6966666666667
17.6883333333333
17.315
15.725
14.515
13.6683333333333
13.4
14.1383333333333
13.9566666666667
13.7133333333333
13.9216666666667
15.8366666666667
16.4266666666667
15.2166666666667
16.4616666666667
15.4666666666667
14.8083333333333
13.99
13.42
14.1333333333333
14.765
14.9966666666667
13.835
14.985
15.1283333333333
14.9483333333333
15.81
15.6466666666667
15.305
16.6683333333333
16.1866666666667
15.0816666666667
15.1783333333333
14.9733333333333
15.3783333333333
13.6483333333333
14.4366666666667
14.2383333333333
15.6716666666667
16.3833333333333
16.2716666666667
15.9416666666667
16.6266666666667
17.1016666666667
17.5566666666667
17.125
16.4233333333333
17.7566666666667
18.5666666666667
17.01
15.6333333333333
14.7816666666667
13.34
12.3766666666667
11.3316666666667
9.555
8.91
8.72166666666667
8.99666666666667
9.63833333333333
10.2166666666667
11.8433333333333
14.2733333333333
15.3766666666667
15.5483333333333
15.76
14.425
14.915
13.7716666666667
13.53
15.2
14.2616666666667
13.915
14.4216666666667
14.0183333333333
12.9716666666667
12.18
11.5616666666667
10.15
8.93333333333333
8.44833333333333
8.93666666666667
9.11833333333333
8.175
8.56166666666667
10.89
13.48
14.9366666666667
14.0616666666667
14.3183333333333
13.9133333333333
12.65
11.445
12.2083333333333
11.6316666666667
11.2016666666667
10.9683333333333
10.9966666666667
10.79
11.64
10.1066666666667
10.1116666666667
8.45833333333333
7.83166666666667
7.225
6.55833333333333
6.27166666666667
6.675
6.835
8.01
11.19
11.9166666666667
13.2283333333333
14.0483333333333
14.005
12.3483333333333
10.735
11.5533333333333
11.2983333333333
11.7666666666667
10.605
11.0283333333333
11.1333333333333
11.0783333333333
10.0416666666667
9.75166666666667
7.59333333333333
6.6
6.90333333333333
7.31833333333333
6.69833333333333
6.95666666666667
7.53
7.01333333333333
7.89
10.7016666666667
12.2983333333333
10.8383333333333
11.67
11.7266666666667
12.165
11.9066666666667
12.2516666666667
11.3766666666667
12.1266666666667
12.4716666666667
11.8783333333333
10.9266666666667
10.2516666666667
9.94666666666667
8.89166666666667
8.225
7.97833333333333
8.61166666666667
8.35333333333333
8.72833333333333
10.08
8.815
9.1
10.5433333333333
12.0883333333333
11.2666666666667
12.0933333333333
12.6666666666667
11.615
12.1116666666667
13.3566666666667
12.8916666666667
12.93
12.185
12.3366666666667
11.41
10.6883333333333
8.265
8.74166666666667
8.175
7.28333333333333
6.69833333333333
6.39666666666667
6.57
6.57666666666667
6.17166666666667
7.78833333333333
13.4
12.6083333333333
9.27166666666667
12.525
11.62
11.1366666666667
10.7283333333333
11.9183333333333
12.6716666666667
12.4166666666667
13.235
10.2266666666667
7.23833333333333
5.48833333333333
5.57
6.10166666666667
5.86166666666667
5.94666666666667
5.8
6.15666666666667
5.925
5.85333333333333
5.75833333333333
7.745
11.19
13.3216666666667
13.3616666666667
11.655
10.59
11.7616666666667
9.83
10.0583333333333
10.095
9.57833333333333
9.815
9.64166666666667
8.16166666666667
6.845
7.50166666666667
7.91166666666667
7.34166666666667
7.04
7.42166666666667
7.29666666666667
7.10166666666667
8.04
7.52666666666667
7.11833333333333
10.3983333333333
11.61
12.37
13.3983333333333
13.5816666666667
12.9666666666667
12.0216666666667
12.8883333333333
14.36
16.0066666666667
15.13
14.54
13.0916666666667
9.65833333333333
7.91166666666667
7.57
6.75333333333333
6.805
6.72666666666667
6.60833333333333
7.17833333333333
6.94166666666667
7.23333333333333
8.23333333333333
8.96833333333333
10.475
11.5583333333333
11.89
13.1366666666667
7.92333333333333
7.63
7.04666666666667
7.82666666666667
8.79833333333333
7.46
7.07833333333333
7.28166666666667
8.02666666666667
7.23166666666667
7.53166666666667
8.00833333333333
7.36
8.07333333333333
8.20833333333333
7.38166666666667
6.605
7.41833333333333
7.84333333333333
9.26666666666667
10.4783333333333
11.7683333333333
12.9416666666667
11.3433333333333
10.61
9.67833333333333
10.3566666666667
10.415
12.1133333333333
12.705
14.1866666666667
12.6016666666667
7.71833333333333
6.2
7.005
8.02833333333333
8.50333333333333
8.88666666666667
8.47
8.51833333333333
8.12833333333333
7.995
7.755
8.39833333333333
11.04
10.8783333333333
11.335
11.4266666666667
9.57833333333333
11.8716666666667
10.97
11.4116666666667
11.965
8.99166666666667
8.88333333333333
4.97333333333333
4.90833333333333
5.37
5.405
4.73166666666667
5.72
5.19
4.55833333333333
4.585
4.56166666666667
3.28833333333333
4.475
7.055
10.0233333333333
10.7983333333333
8.79833333333333
9.00333333333333
9.91833333333333
10.4266666666667
11.585
10.87
9.2
7.815
7.85666666666667
7.51666666666667
6.42
4.375
5.12666666666667
5.15333333333333
5.52666666666667
6.66166666666667
7.17333333333333
7.27333333333333
7.655
9.465
10.8316666666667
11.8633333333333
12.2933333333333
12.6366666666667
10.9783333333333
12.0483333333333
12.4416666666667
11.9716666666667
11.235
11.61
12.135
13.0966666666667
13.3583333333333
12.8216666666667
11.5083333333333
10.8983333333333
9.91666666666667
9.41
9.07166666666667
8.865
8.98
9.07666666666667
8.44
9.12166666666667
12.0633333333333
14.6633333333333
16.11
16.1
15.8016666666667
15.1633333333333
13.63
11.9433333333333
13.0916666666667
15.3733333333333
15.5266666666667
13.815
13.0
10.9516666666667
11.655
11.4266666666667
11.05
10.4483333333333
9.45833333333333
9.65666666666667
10.2383333333333
11.1516666666667
10.9283333333333
11.9216666666667
13.1383333333333
12.0883333333333
10.3266666666667
10.4816666666667
9.39666666666667
10.1816666666667
10.62
11.835
11.1333333333333
12.355
12.5933333333333
11.3733333333333
12.5833333333333
13.21
12.6866666666667
13.015
10.8016666666667
9.59333333333333
8.54
9.03
9.19166666666667
8.92666666666667
9.115
10.4566666666667
11.92
13.51
13.9233333333333
13.85
13.0766666666667
11.6816666666667
10.535
12.06
12.8183333333333
12.2233333333333
12.8233333333333
12.7616666666667
13.3966666666667
13.44
11.09
8.08833333333333
6.53
6.44
5.775
6.095
6.45666666666667
5.99333333333333
5.68833333333333
6.98333333333333
11.14
12.8166666666667
14.0933333333333
12.5533333333333
12.1816666666667
11.2533333333333
10.1466666666667
10.4533333333333
11.0933333333333
11.5066666666667
11.6483333333333
12.355
12.64
12.9816666666667
10.78
9.92
8.81
8.63166666666667
8.95
9.23166666666667
8.99666666666667
9.69666666666667
10.9666666666667
11.625
14.5616666666667
14.5633333333333
16.6583333333333
15.355
14.1183333333333
15.2466666666667
13.04
12.1433333333333
12.625
13.5416666666667
13.0816666666667
12.5933333333333
13.2833333333333
11.6516666666667
11.945
10.9283333333333
10.4466666666667
10.7766666666667
10.2983333333333
10.325
9.03333333333333
9.74166666666667
10.4033333333333
10.9266666666667
13.0783333333333
13.6283333333333
13.9983333333333
14.5683333333333
13.0366666666667
13.1483333333333
13.5433333333333
12.2233333333333
11.89
11.935
10.085
12.8416666666667
12.8566666666667
12.5066666666667
11.63
11.4916666666667
8.78166666666667
8.30833333333334
7.37666666666667
7.07666666666667
7.06333333333333
6.655
6.56166666666667
7.785
9.695
12.3716666666667
13.405
12.39
11.7816666666667
12.1416666666667
12.0066666666667
11.8933333333333
11.82
11.555
10.5683333333333
10.3383333333333
10.4816666666667
11.0616666666667
9.565
9.33833333333333
8.115
6.72166666666667
6.79333333333333
6.05
6.04666666666667
5.69
6.125
6.32833333333333
8.81333333333333
13.2083333333333
15.1366666666667
13.2183333333333
11.5483333333333
12.41
11.945
10.8033333333333
10.87
11.2116666666667
9.57333333333333
9.99833333333333
8.86666666666667
10.1166666666667
9.50833333333333
8.795
7.17666666666667
6.62333333333333
7.16666666666667
6.96666666666667
6.89833333333333
7.24
7.00333333333333
8.77166666666667
11.1716666666667
12.3683333333333
13.9216666666667
12.7116666666667
12.525
11.545
11.53
11.4166666666667
11.795
11.2733333333333
11.1116666666667
10.8566666666667
12.1883333333333
12.745
11.9266666666667
10.2033333333333
9.495
8.78333333333333
7.84833333333333
8.34
7.85666666666667
7.88833333333333
7.80166666666667
8.19166666666667
7.53333333333333
11.46
13.055
12.9966666666667
12.7366666666667
13.2583333333333
11.74
11.1016666666667
11.3466666666667
11.16
11.9183333333333
11.0316666666667
12.1566666666667
12.3316666666667
11.605
10.3066666666667
9.35
8.52
7.59833333333333
6.84333333333333
6.86
6.085
7.17666666666667
7.06833333333333
10.6766666666667
12.36
13.47
12.52
13.3233333333333
12.475
10.705
10.91
11.8166666666667
11.49
11.2066666666667
10.7216666666667
10.7416666666667
11.8466666666667
12.025
10.995
9.26833333333333
8.915
9.125
8.74333333333333
8.04
8.62166666666667
8.45
9.22333333333333
11.025
13.4616666666667
13.5316666666667
12.58
11.8333333333333
12.2683333333333
11.6966666666667
11.965
11.4433333333333
11.5466666666667
11.6
12.9716666666667
13.6466666666667
11.4083333333333
12.0616666666667
10.1066666666667
8.31833333333333
6.98666666666667
7.14666666666667
6.235
6.86833333333333
7.41166666666667
7.10833333333333
8.74
10.1983333333333
12.3483333333333
12.71
11.355
12.2933333333333
12.0216666666667
10.9866666666667
11.0366666666667
10.75
10.7766666666667
10.8816666666667
10.4233333333333
10.285
11.4116666666667
10.735
9.41
7.51333333333333
7.21666666666667
6.88166666666667
6.62333333333333
6.63166666666667
7.20333333333333
7.285
7.34666666666667
6.68333333333333
8.98833333333333
11.7266666666667
12.4616666666667
13.7933333333333
13.975
12.9516666666667
14.09
14.36
12.755
13.2683333333333
13.5866666666667
14.3083333333333
12.7216666666667
10.8083333333333
10.7416666666667
10.0316666666667
8.24
7.52666666666667
7.45833333333333
6.25333333333333
7.37833333333333
7.77666666666667
7.44
7.10833333333333
11.3483333333333
14.4216666666667
15.54
14.6883333333333
12.94
11.17
11.2783333333333
10.6033333333333
9.64833333333333
9.90666666666667
9.80166666666667
10.6633333333333
10.6333333333333
10.7083333333333
9.22666666666667
8.58666666666667
7.09333333333333
7.17
7.615
7.645
8.45333333333333
9.22666666666667
10.4533333333333
12.74
13.2716666666667
11.82
12.4333333333333
11.63
10.1783333333333
10.24
11.6266666666667
11.805
11.2216666666667
12.62
12.6333333333333
11.4366666666667
11.3716666666667
9.05
8.31833333333333
7.87
7.48833333333333
7.12666666666667
7.21
7.05
6.74666666666667
5.94333333333333
7.455
9.145
10.1483333333333
10.8316666666667
9.91166666666667
10.66
11.7033333333333
11.8666666666667
9.46
6.37
4.96833333333333
3.40666666666667
3.48833333333333
3.315
3.56666666666667
3.395
5.305
6.01
5.78666666666667
6.26666666666667
6.085
5.44666666666667
5.50666666666667
5.85333333333333
7.435
9.20833333333333
10.4383333333333
10.755
11.65
13.735
13.7983333333333
13.0516666666667
9.93
10.09
11.37
14.0816666666667
16.3883333333333
16.0533333333333
13.6833333333333
11.645
10.195
9.875
7.41333333333333
6.41
6.31166666666667
6.36833333333333
6.20833333333333
6.84833333333333
6.88333333333333
8.16166666666667
8.59
9.20333333333333
12.625
8.33166666666667
9.57
10.5016666666667
10.7233333333333
11.275
12.0916666666667
14.3383333333333
15.1733333333333
14.8283333333333
11.175
7.08666666666667
7.67833333333333
7.93
7.02666666666667
6.47666666666667
5.87833333333333
6.74333333333333
7.145
5.81
6.85166666666667
7.88666666666667
8.225
9.57333333333333
10.9133333333333
11.3866666666667
11.5783333333333
11.3633333333333
11.3516666666667
12.73
14.0366666666667
15.9216666666667
11.62
9.515
10.9266666666667
7.51333333333333
6.315
5.84166666666667
6.45
6.63666666666667
5.895
5.615
4.69166666666667
5.49
5.95
6.44666666666667
6.155
5.47
7.06833333333333
10.325
10.44
12.5266666666667
11.06
12.335
13.4633333333333
12.12
9.02333333333334
4.78166666666667
4.60666666666667
5.14333333333333
4.81
4.81
5.79166666666667
5.46833333333333
6.38
5.26
5.32
5.31333333333333
5.54833333333333
6.71833333333333
7.94833333333333
8.735
11.7633333333333
10.8616666666667
12.245
12.7216666666667
13.2716666666667
11.01
11.025
11.3933333333333
13.0583333333333
11.9633333333333
9.28666666666667
9.505
6.07333333333333
6.42
5.49833333333333
5.99666666666667
5.485
4.80166666666667
6.44166666666667
7.60166666666667
6.93666666666667
6.94
7.34833333333333
6.44166666666667
9.79
12.895
13.0966666666667
12.3016666666667
11.1416666666667
12.6866666666667
11.5316666666667
12.4233333333333
14.3716666666667
12.8066666666667
12.565
10.9183333333333
8.23
7.70666666666667
7.82
6.64333333333333
6.36
6.5
6.24
6.80833333333333
7.38833333333333
7.27333333333333
7.81833333333333
9.21
9.19333333333333
7.59833333333333
10.78
11.2533333333333
12.3766666666667
12.52
12.6016666666667
12.2516666666667
12.2216666666667
12.97
12.005
10.6283333333333
8.20833333333333
8.52666666666667
6.00666666666667
4.97833333333333
5.42333333333333
4.31166666666667
3.53
5.265
8.03
9.29833333333333
9.395
9.08166666666667
9.84
9.26166666666667
10.8866666666667
14.2733333333333
14.05
13.3483333333333
14.0416666666667
12.915
12.895
10.6416666666667
9.10666666666667
8.08833333333333
4.8
3.97333333333333
4.815
5.225
5.57333333333333
5.50833333333333
6.38
5.525
6.44666666666667
6.50666666666667
7.23333333333333
12.4583333333333
13.15
12.0033333333333
11.3466666666667
8.18166666666667
11.1433333333333
10.3816666666667
11.0166666666667
8.59833333333333
8.30833333333333
9.84333333333333
9.02
9.08833333333333
7.97166666666667
6.82833333333333
5.86666666666667
5.615
6.83333333333333
5.63
7.05
8.83333333333333
9.2
13.855
11.99
11.25
13.6316666666667
13.8383333333333
13.255
11.47
10.3483333333333
11.745
10.2516666666667
9.62166666666667
9.36833333333333
9.86833333333333
10.345
10.595
9.54833333333333
8.37666666666667
7.775
7.35666666666667
7.79166666666667
7.41333333333333
7.33333333333333
9.915
10.8083333333333
12.23
12.0383333333333
10.7833333333333
12.36
13.8333333333333
14.2933333333333
13.4966666666667
10.8266666666667
8.98333333333333
8.15
9.665
9.75666666666667
11.6133333333333
10.3383333333333
9.94
8.54666666666667
7.11833333333333
9.04333333333333
9.975
8.59333333333333
7.645
8.095
8.07333333333333
6.48333333333333
8.26666666666667
7.55166666666667
8.76666666666667
9.39666666666667
11.625
12.1533333333333
13.0883333333333
11.0766666666667
11.93
15.05
13.57
14.1716666666667
12.2083333333333
10.0233333333333
8.94666666666667
8.71666666666667
7.875
8.88
9.17333333333333
8.99666666666667
8.86333333333333
8.95833333333333
8.92833333333333
10.4666666666667
10.85
10.6783333333333
11.5283333333333
11.4283333333333
11.83
12.1416666666667
11.7533333333333
10.9066666666667
10.7133333333333
10.6633333333333
10.79
10.4733333333333
8.84333333333333
9.02833333333333
7.94166666666667
7.41
7.605
6.87166666666667
6.72
6.26
5.71
5.42333333333333
6.22833333333333
5.505
6.56666666666667
10.2116666666667
12.2366666666667
13.9233333333333
13.215
11.4383333333333
10.3233333333333
9.32666666666667
9.28
7.28666666666667
8.24833333333333
6.68
7.40666666666667
5.465
4.46
4.365
4.155
4.64666666666667
4.25
4.33333333333333
4.47833333333333
3.94166666666667
3.16666666666667
4.69166666666667
4.83833333333333
7.60333333333333
5.28666666666667
6.35666666666667
8.59166666666667
7.88
9.87
11.4716666666667
12.175
12.0416666666667
12.0583333333333
12.2833333333333
12.475
10.875
8.785
8.32333333333333
7.62
6.46166666666667
6.34666666666667
5.98333333333333
4.78
6.21333333333333
7.04
7.855
8.65833333333333
9.24
9.20166666666667
8.50666666666667
8.71
9.33666666666667
12.21
15.3416666666667
14.365
13.0266666666667
13.1383333333333
14.6566666666667
13.8566666666667
13.84
12.575
10.0483333333333
9.52
7.29
7.62833333333333
7.505
6.065
7.00833333333333
7.13833333333333
7.85833333333333
7.21
7.89166666666667
8.55833333333334
9.26666666666667
8.77
11.65
10.2433333333333
7.915
9.87666666666667
13.3033333333333
14.7183333333333
14.0066666666667
14.1083333333333
14.455
12.7216666666667
10.8933333333333
11.0716666666667
8.985
7.85666666666667
7.78666666666667
7.545
7.42166666666667
6.98666666666667
8.015
7.52666666666667
8.83666666666667
7.76666666666667
8.18
10.3116666666667
10.955
11.0366666666667
11.1933333333333
11.5483333333333
11.6216666666667
12.475
11.8266666666667
11.7233333333333
12.21
11.3166666666667
9.53166666666667
7.88666666666667
7.285
6.55
7.03333333333333
6.775
6.85666666666667
6.205
6.37666666666667
8.44166666666667
9.79166666666667
9.74833333333333
8.93833333333333
11.155
10.1466666666667
11.5033333333333
11.37
12.0033333333333
12.1916666666667
15.7
14.22
13.6766666666667
11.145
7.37666666666667
8.415
8.42666666666667
8.18666666666667
7.36166666666667
7.50666666666667
6.825
6.49
6.59
6.64666666666667
8.63833333333333
10.3416666666667
10.795
12.015
12.6466666666667
12.7516666666667
14.2966666666667
14.2333333333333
15.45
15.8983333333333
14.8666666666667
14.3766666666667
15.5633333333333
14.2616666666667
11.6016666666667
10.9083333333333
9.135
6.40666666666667
5.96166666666667
5.88333333333333
5.47666666666667
4.815
4.81333333333333
5.15333333333333
4.59666666666667
5.63333333333333
10.7
11.9016666666667
11.35
11.7766666666667
11.1566666666667
10.4966666666667
10.095
9.80833333333333
9.86666666666667
9.265
9.54
8.585
8.67833333333333
8.245
7.03
6.10333333333333
5.66666666666667
6.85666666666667
6.725
6.425
6.725
7.355
9.57166666666667
10.6266666666667
12.4533333333333
12.3116666666667
12.8483333333333
10.5466666666667
10.37
10.3916666666667
10.7233333333333
12.2466666666667
11.405
10.865
10.0333333333333
10.3233333333333
9.94666666666667
8.74
8.74166666666667
7.94
7.18333333333333
6.28833333333333
5.55166666666667
5.40166666666667
5.21166666666667
4.96666666666667
6.32166666666667
9.19166666666666
11.5683333333333
10.155
10.8383333333333
10.5733333333333
9.36833333333333
10.14
10.3966666666667
11.2016666666667
12.7183333333333
13.545
11.9616666666667
9.325
8.10666666666667
7.57
5.885
5.68666666666667
4.895
4.82666666666667
5.33333333333333
5.02666666666667
4.855
5.96166666666667
6.01
6.415
5.37333333333333
6.39666666666667
8.38833333333333
12.8083333333333
11.3916666666667
10.9666666666667
7.43166666666667
7.485
7.51666666666667
5.62666666666667
5.09166666666667
7.45
7.88
8.05
7.63833333333333
6.74
5.72666666666667
5.07333333333333
6.33333333333333
7.69
7.91
8.04
8.81
8.57666666666667
8.15666666666667
9.20333333333333
10.3783333333333
12.4466666666667
12.2216666666667
12.22
12.7916666666667
12.0666666666667
10.385
10.3766666666667
10.99
11.0366666666667
9.70666666666667
7.72166666666667
5.90166666666667
5.27166666666667
6.03333333333333
6.79166666666667
6.99166666666667
6.55166666666667
7.61833333333333
8.24
8.55666666666667
8.9
9.72
10.5133333333333
11.5833333333333
11.115
13.6466666666667
14.6666666666667
13.8883333333333
13.88
13.325
13.49
11.9866666666667
10.0966666666667
8.76833333333333
8.27833333333333
7.70333333333333
7.595
7.295
6.435
6.3
7.65
8.25333333333333
9.03666666666667
9.405
9.18333333333333
10.0216666666667
11.5683333333333
14.06
13.6516666666667
13.7783333333333
13.2266666666667
12.97
12.5816666666667
11.765
10.6616666666667
10.42
6.54166666666667
5.43833333333333
5.21333333333333
6.13
5.77166666666667
5.68666666666667
5.14166666666667
5.97666666666667
5.9
5.84666666666667
6.21333333333333
7.42666666666667
8.27166666666667
8.71833333333333
8.22
7.84166666666667
9.86333333333334
13.6333333333333
13.7466666666667
14.4
11.6616666666667
11.2533333333333
11.595
13.345
9.54666666666667
7.20333333333333
8.49
7.595
7.43
6.43666666666667
6.73166666666667
6.73833333333333
7.78333333333333
9.12
9.93833333333333
10.2066666666667
11.4866666666667
12.6083333333333
11.6033333333333
13.2733333333333
13.3033333333333
13.3116666666667
12.725
12.9
13.2816666666667
13.245
13.7883333333333
14.1283333333333
14.2033333333333
12.8083333333333
12.1516666666667
11.7483333333333
11.2316666666667
10.405
9.395
9.455
11.2966666666667
11.8083333333333
11.345
10.6283333333333
10.7216666666667
10.785
12.3833333333333
11.9
12.395
12.1516666666667
12.345
13.0133333333333
11.955
12.5533333333333
13.0233333333333
13.7633333333333
12.9866666666667
12.4583333333333
12.1033333333333
10.0316666666667
9.59666666666667
9.03666666666667
8.88333333333333
8.21333333333333
8.32166666666667
7.74333333333333
7.27833333333333
5.80666666666667
6.1
6.70333333333333
9.44833333333333
12.7016666666667
13.6683333333333
12.6383333333333
14.1316666666667
14.0233333333333
14.375
14.335
14.21
12.06
11.125
8.55833333333334
8.20333333333333
7.955
8.27166666666667
7.13
8.345
7.62666666666667
7.52666666666667
7.86333333333333
8.50166666666667
9.58833333333333
10.0433333333333
11.7316666666667
12.8033333333333
14.5683333333333
13.3066666666667
11.2583333333333
10.3
10.3033333333333
10.9883333333333
10.4416666666667
10.1766666666667
11.2766666666667
12.275
10.9233333333333
9.85166666666667
8.77833333333333
8.39333333333333
7.505
7.45166666666667
8.675
8.595
7.965
8.17666666666667
9.02666666666667
10.3783333333333
12.64
12.31
12.255
12.0583333333333
10.8716666666667
9.97666666666667
10.2766666666667
8.925
10.43
11.2466666666667
11.6633333333333
12.9333333333333
12.1933333333333
11.365
9.08833333333333
9.52833333333333
9.20166666666667
9.85
9.415
9.25833333333333
8.05666666666667
13.3083333333333
11.4516666666667
13.4183333333333
13.315
13.9866666666667
13.2916666666667
14.3283333333333
14.4566666666667
13.3133333333333
10.9016666666667
9.14666666666667
8.33833333333333
9.285
10.9816666666667
9.73666666666667
11.3683333333333
10.5083333333333
9.93
8.93
9.58833333333333
8.94666666666667
7.945
11.3966666666667
10.6616666666667
12.7816666666667
15.1933333333333
13.4383333333333
14.8366666666667
13.395
12.6933333333333
11.7333333333333
11.31
12.1766666666667
11.6966666666667
12.5166666666667
13.2433333333333
12.7016666666667
9.46166666666667
10.2133333333333
9.675
11.645
10.135
9.66666666666667
8.05166666666667
6.655
6.83666666666667
8.80833333333333
9.67333333333333
10.1383333333333
9.62666666666667
13.0666666666667
10.9233333333333
11.9366666666667
10.99
11.2016666666667
9.415
7.86333333333333
9.24
9.475
9.52833333333333
11.035
10.0583333333333
9.73833333333333
8.61166666666667
8.97833333333333
9.49833333333333
9.32833333333333
8.98166666666667
7.72666666666667
7.29166666666667
6.92166666666667
7.01166666666667
8.12166666666667
9.46833333333333
10.6316666666667
11.9083333333333
13.5433333333333
12.2516666666667
11.0983333333333
10.54
9.98833333333333
9.40833333333333
10.7483333333333
10.0533333333333
10.5516666666667
9.06333333333333
8.74333333333333
7.80666666666667
7.69166666666667
6.40166666666667
4.63333333333333
5.63833333333333
4.73
4.225
3.875
6.55333333333333
6.08166666666667
8.67
8.0
6.98666666666667
7.87666666666667
10.325
11.965
11.0533333333333
11.81
12.1866666666667
12.0216666666667
9.335
11.0916666666667
9.04
6.77666666666667
6.02166666666667
5.90333333333333
5.72
5.62333333333333
5.30833333333333
5.27166666666667
6.95
7.30166666666667
8.60666666666667
9.42166666666667
11.5466666666667
9.435
10.9783333333333
14.1
12.0133333333333
10.5116666666667
10.2116666666667
9.76
9.59333333333333
11.9966666666667
11.4983333333333
9.62666666666667
9.735
9.69333333333333
7.54666666666667
6.75666666666667
6.52833333333333
5.92166666666667
6.26333333333333
6.61333333333333
6.67333333333333
6.05
6.635
6.68
11.7283333333333
8.61666666666667
11.215
10.425
12.0016666666667
10.1416666666667
8.93
7.15
6.68333333333333
5.905
5.86833333333333
6.63166666666667
7.19333333333333
8.20333333333333
6.45666666666667
5.16166666666667
5.545
5.27333333333333
5.665
5.79666666666667
5.67666666666667
6.56666666666667
6.30333333333333
6.29833333333333
6.42833333333333
7.17666666666667
8.87166666666667
6.65
8.88166666666667
9.14833333333333
11.2183333333333
10.9866666666667
10.9066666666667
11.3983333333333
11.425
10.1166666666667
9.96166666666667
8.885
7.06833333333333
6.16
6.27166666666667
6.26666666666667
6.405
6.76166666666667
6.17166666666667
6.65333333333333
7.47166666666667
9.04833333333333
7.07166666666667
8.12666666666667
9.80666666666667
10.9833333333333
12.2683333333333
12.2483333333333
11.0066666666667
12.065
12.9116666666667
10.955
13.6033333333333
13.02
13.4783333333333
10.99
10.0616666666667
8.69166666666667
8.31333333333333
7.80333333333333
7.955
8.53166666666667
7.67666666666667
7.835
8.49
8.87166666666667
9.54
10.38
11.5516666666667
13.225
12.9383333333333
11.9166666666667
11.25
11.755
11.91
11.4966666666667
12.24
12.1366666666667
10.6116666666667
9.72166666666667
9.35333333333333
7.665
7.64
7.35
7.36666666666667
7.785
7.69833333333333
8.28833333333333
7.66166666666667
7.80166666666667
8.62166666666667
9.08
10.2883333333333
11.1883333333333
13.08
10.12
11.03
11.3233333333333
10.5833333333333
8.32166666666667
7.69666666666667
10.9316666666667
12.425
10.3083333333333
7.595
7.84333333333333
7.17833333333333
6.25666666666667
6.49666666666667
5.64
6.805
6.8
5.765
6.19
7.56666666666667
7.83333333333333
7.39333333333333
8.775
10.57
12.325
13.56
14.4733333333333
15.6183333333333
11.0
9.33833333333333
8.81333333333333
10.25
8.24333333333333
5.66333333333333
4.945
4.66166666666667
5.05333333333333
5.82166666666667
5.80333333333333
5.36333333333333
5.04333333333333
6.06
6.19166666666667
7.72
7.07666666666667
7.53833333333333
7.59
10.7016666666667
10.89
10.7166666666667
9.65166666666667
8.06333333333333
8.00166666666667
8.80166666666667
9.27
8.525
8.465
8.485
8.23333333333333
7.44
6.57666666666667
6.88
6.66833333333333
6.395
7.01666666666667
7.88666666666667
9.67833333333333
9.40333333333333
10.97
13.1383333333333
13.2683333333333
11.93
10.445
9.69166666666667
10.7566666666667
10.0316666666667
11.325
12.6116666666667
12.8233333333333
11.0983333333333
9.145
7.65
7.06
5.86833333333333
6.135
5.66333333333333
5.35833333333333
4.97666666666667
4.81166666666667
4.76166666666667
4.49666666666667
4.52333333333333
6.69
8.61166666666667
9.02666666666667
10.1166666666667
9.97166666666667
8.40666666666667
10.15
9.91
10.1816666666667
10.8166666666667
11.56
11.2083333333333
10.0466666666667
7.83166666666667
6.90166666666667
5.10833333333333
4.21166666666667
5.06833333333333
5.11333333333333
4.93
5.73666666666667
6.02833333333333
6.48666666666667
6.36833333333333
6.48166666666667
7.64
8.49666666666667
11.4466666666667
10.97
11.605
12.7583333333333
12.33
10.275
12.2916666666667
12.9566666666667
9.27333333333333
7.855
10.37
9.39333333333333
7.35
6.185
6.145
5.58
6.76333333333333
7.1
7.3
8.58666666666667
9.14166666666667
7.595
9.63
12.6416666666667
12.29
7.77666666666667
9.10833333333333
10.3766666666667
10.82
9.28666666666667
9.62
11.49
12.01
8.57666666666667
6.02333333333333
6.44
6.48333333333333
7.065
6.93666666666667
5.685
6.82833333333333
7.82833333333333
7.17666666666667
6.66
7.32166666666667
7.11666666666667
9.32666666666667
10.3283333333333
10.5666666666667
9.71333333333333
10.0633333333333
8.94333333333333
9.09166666666667
10.3733333333333
10.95
10.045
11.6083333333333
12.1883333333333
11.6483333333333
11.3766666666667
9.775
8.78166666666667
8.64166666666667
8.315
8.80166666666667
9.00333333333333
9.11166666666667
9.32666666666667
10.7833333333333
12.345
14.495
13.5116666666667
11.6416666666667
12.2716666666667
13.76
12.5083333333333
12.89
13.5133333333333
12.9683333333333
14.625
14.2416666666667
14.3516666666667
12.6066666666667
11.0216666666667
11.05
9.715
9.04666666666667
7.93
7.96666666666667
8.715
8.9
9.50333333333333
9.13333333333333
9.22833333333333
8.36333333333333
10.365
11.6516666666667
10.6566666666667
9.50666666666667
10.3766666666667
8.74166666666667
6.455
7.13166666666667
14.555
10.08
6.65
7.755
8.62833333333333
7.34
6.75666666666667
6.14666666666667
4.64333333333333
5.585
5.15
5.38666666666667
4.385
6.52333333333333
6.06166666666667
7.83333333333333
7.94
5.63
8.145
10.515
9.625
10.1116666666667
9.13666666666666
9.17166666666667
8.54666666666667
8.88666666666667
7.93833333333333
6.21833333333333
6.49166666666667
6.83666666666667
7.37166666666667
7.115
7.15666666666667
6.78666666666667
6.84833333333333
6.795
7.81666666666667
8.97333333333333
9.16166666666667
8.915
10.345
13.0983333333333
13.7383333333333
14.0033333333333
13.0166666666667
12.63
14.2166666666667
13.5716666666667
14.85
15.615
14.2366666666667
12.8783333333333
11.0616666666667
8.66666666666667
8.88333333333333
8.41833333333333
8.63
7.77
7.31166666666667
7.17833333333333
7.67
7.61666666666667
7.10333333333333
7.275
9.05833333333333
11.3366666666667
11.98
13.4466666666667
14.9683333333333
11.665
10.6233333333333
15.1566666666667
15.9933333333333
13.6816666666667
13.3016666666667
10.9383333333333
10.09
9.69333333333333
9.46833333333334
8.7
7.40833333333333
8.25
8.26166666666667
8.64833333333333
8.79833333333333
7.44833333333333
8.65
9.77
9.56
12.3383333333333
13.1616666666667
12.075
12.4783333333333
14.2633333333333
15.0166666666667
14.1333333333333
14.4433333333333
12.39
7.96
7.57666666666667
6.66166666666667
6.475
5.91
6.65166666666667
7.05833333333333
6.965
6.81833333333333
5.81666666666667
5.73333333333333
6.32
8.50833333333333
6.97
10.18
9.80833333333333
10.53
11.9483333333333
11.5866666666667
12.4983333333333
13.0066666666667
13.5683333333333
14.875
16.54
16.7633333333333
15.7316666666667
13.9983333333333
12.62
10.8583333333333
9.51833333333333
8.22
8.03833333333333
5.88666666666667
7.45166666666667
8.835
8.165
8.385
8.07666666666667
8.66833333333333
12.8
14.0616666666667
13.925
12.1633333333333
14.58
14.4166666666667
12.0733333333333
12.9216666666667
13.2316666666667
12.4716666666667
11.1616666666667
10.1633333333333
8.9
8.10666666666667
6.30333333333333
5.81666666666667
6.18833333333333
6.29666666666667
7.13
7.295
7.63666666666667
7.80166666666667
8.73833333333333
9.32833333333333
12.48
15.565
14.0666666666667
12.9583333333333
11.2583333333333
11.3416666666667
10.215
12.7283333333333
11.6833333333333
11.36
8.45833333333333
7.16333333333333
7.86666666666667
6.875
6.705
6.05666666666667
5.56333333333333
6.22833333333333
4.89666666666667
5.58
6.10166666666667
5.83166666666667
6.97
9.13166666666667
11.6566666666667
11.1566666666667
11.0283333333333
12.16
11.3166666666667
9.95833333333333
10.1983333333333
11.65
10.6
9.165
6.95333333333333
5.90333333333333
5.40166666666667
6.205
6.17333333333333
6.165
5.66
7.12833333333333
5.35833333333333
4.75166666666667
6.38666666666667
7.79
9.275
8.2
9.12
10.225
8.92
10.6616666666667
10.03
9.91833333333333
9.355
9.12333333333333
8.94833333333333
8.14166666666667
8.17833333333333
8.95166666666667
8.84833333333333
8.57833333333333
7.785
7.99
8.11166666666667
8.08333333333333
8.57666666666667
10.2
10.6916666666667
11.7316666666667
13.65
13.9666666666667
11.9166666666667
11.6966666666667
13.505
12.3383333333333
12.4233333333333
12.87
12.8933333333333
13.7183333333333
13.095
11.2816666666667
10.47
8.28333333333333
7.25666666666667
6.99
6.85833333333333
7.015
6.36333333333333
6.76333333333333
6.92666666666667
5.66833333333333
6.45333333333333
7.39833333333333
8.22333333333333
9.59333333333333
11.63
12.7733333333333
13.0466666666667
11.3666666666667
10.4483333333333
9.27833333333333
6.73666666666667
8.91833333333333
10.755
7.15166666666667
6.795
7.67833333333333
7.22333333333333
7.02
6.8
6.58666666666667
5.94666666666667
5.83333333333333
6.055
6.72166666666667
7.78333333333333
8.04666666666667
7.67
10.9033333333333
12.0083333333333
11.3833333333333
11.1816666666667
12.0883333333333
7.39166666666667
7.495
11.115
6.76333333333333
9.275
8.90166666666667
6.91666666666667
8.00166666666667
7.03833333333333
6.21333333333333
7.26333333333333
7.24
6.87166666666667
6.49666666666667
6.77833333333333
6.68333333333333
7.995
8.94
10.3166666666667
12.0433333333333
11.8416666666667
10.1
10.6283333333333
13.28
15.0433333333333
15.805
14.2633333333333
14.495
13.2283333333333
11.215
10.0783333333333
10.3133333333333
10.8666666666667
10.27
9.12666666666667
8.09833333333333
8.06833333333333
8.05
8.12166666666667
8.31666666666666
8.725
10.0716666666667
12.1583333333333
12.7466666666667
15.9333333333333
14.08
11.9683333333333
13.1983333333333
15.405
7.75666666666667
9.87166666666667
10.7483333333333
9.8
10.6166666666667
11.1516666666667
9.76333333333333
10.245
9.42833333333333
9.155
8.755
8.585
8.965
13.3383333333333
11.4383333333333
11.02
11.9016666666667
12.62
12.3483333333333
11.96
12.4266666666667
7.84166666666667
7.225
6.84
7.50666666666667
9.23
12.625
10.3833333333333
12.385
10.3083333333333
9.69833333333333
9.49166666666667
9.07333333333333
9.26333333333333
8.93333333333333
8.88166666666667
8.44833333333333
8.16
8.90166666666667
9.94166666666667
10.6416666666667
11.9483333333333
11.025
11.73
13.3933333333333
12.0783333333333
8.08666666666667
9.37
11.235
10.5066666666667
10.995
11.7416666666667
13.3516666666667
11.96
10.7766666666667
9.535
9.11333333333333
8.30166666666667
9.74833333333333
9.05833333333333
7.94666666666667
8.12
7.62333333333333
7.95
7.54
9.08833333333333
10.055
13.1566666666667
12.9016666666667
11.6216666666667
10.5783333333333
9.755
9.56833333333333
9.13
8.96
7.05333333333333
8.48166666666667
9.235
7.77166666666667
7.335
7.71833333333333
7.33833333333333
7.84666666666667
6.72333333333333
6.25666666666667
5.84833333333333
6.16666666666667
6.85833333333333
8.62333333333333
9.18333333333334
10.65
10.8233333333333
8.075
8.86666666666667
10.49
10.4633333333333
7.725
5.06666666666667
5.68
5.035
4.025
4.83833333333333
6.805
5.38833333333333
6.885
7.12833333333333
7.355
7.175
7.55333333333333
6.49166666666667
6.58
6.35166666666667
6.98833333333333
7.78333333333333
7.63333333333333
12.18
10.0266666666667
9.935
8.5
6.18333333333333
5.235
5.41333333333333
4.56333333333333
5.12
3.80166666666667
3.75833333333333
4.95333333333333
5.52166666666667
5.495
7.33666666666667
7.56
9.01833333333333
8.73333333333333
8.67166666666667
9.07
9.34166666666667
8.81666666666667
8.40333333333333
8.41666666666667
7.305
8.49
8.96333333333333
9.77833333333333
7.125
5.615
7.22333333333333
7.4
7.16333333333333
6.27333333333333
5.66666666666667
3.62
5.45166666666667
6.285
7.22333333333333
6.82166666666667
7.21333333333333
6.74333333333333
6.80833333333333
6.82166666666667
7.86166666666667
8.10833333333333
9.70166666666667
9.83666666666667
9.97333333333333
10.505
13.5966666666667
12.2816666666667
10.63
10.3083333333333
9.81333333333333
9.18166666666667
8.94166666666667
8.85166666666667
8.13666666666667
6.27
5.22166666666667
5.30166666666667
4.81
4.94833333333333
5.29333333333333
3.96
4.31666666666667
5.69333333333333
8.065
8.36
8.455
9.07666666666667
9.505
13.03
9.195
10.0683333333333
12.6483333333333
14.145
15.0783333333333
13.8216666666667
12.2983333333333
10.4983333333333
9.445
8.08166666666667
6.94166666666667
5.61666666666667
4.795
4.465
5.63333333333333
6.08833333333333
6.86333333333333
4.78333333333333
7.005
7.46
6.64833333333333
6.25
6.66333333333333
9.67833333333333
11.3133333333333
11.78
12.255
9.835
9.13666666666666
9.22
7.54833333333333
5.33833333333333
5.145
4.16333333333333
4.22333333333333
4.60833333333333
5.64333333333333
5.74333333333333
6.54166666666667
6.21833333333333
5.90333333333333
4.81666666666667
7.61833333333333
7.775
5.59333333333333
6.35166666666667
9.44333333333333
10.3716666666667
8.84333333333333
8.39333333333333
9.07
7.95166666666667
7.585
8.24666666666667
8.35333333333333
8.13333333333333
6.75166666666667
5.87166666666667
4.93833333333333
5.26
4.91833333333333
6.54833333333333
6.62
5.285
4.56666666666667
5.64333333333333
6.63
5.67833333333333
4.67
8.40166666666667
7.715
8.08833333333333
9.55833333333333
7.92166666666667
8.30833333333333
7.93166666666667
7.40666666666667
7.375
5.53166666666667
7.305
6.215
6.62
5.73833333333333
5.33
6.10166666666667
6.26166666666667
6.55166666666667
6.82333333333333
8.48833333333333
8.95666666666667
8.205
8.48
10.925
12.87
11.655
11.24
9.51
9.59
7.46666666666667
7.32666666666667
6.99
7.16833333333333
9.56833333333333
10.265
9.79
7.765
5.45666666666667
4.46666666666667
5.255
4.59
5.82666666666667
5.71666666666667
6.125
6.44333333333333
6.20333333333333
4.76833333333333
10.5683333333333