7.78666666666667
7.405
7.09
7.30333333333333
6.96833333333333
4.80666666666667
5.08666666666667
5.66666666666667
4.64666666666667
4.29166666666667
3.24166666666667
3.08
2.69666666666667
2.84166666666667
3.845
3.93
3.57
4.07333333333333
3.77833333333333
5.445
6.80833333333333
8.315
9.185
9.47833333333333
8.475
7.035
5.06333333333333
5.14166666666667
5.47666666666667
4.47166666666667
4.025
5.09166666666667
4.85333333333333
2.53166666666667
3.18333333333333
5.18
5.17
6.76333333333333
7.44666666666667
6.76166666666667
6.725
6.72666666666667
5.355
4.90666666666667
6.02833333333333
5.05333333333333
4.31166666666667
2.805
5.50166666666667
5.675
6.13
6.06166666666667
6.42
5.95333333333333
4.83833333333333
6.27166666666667
5.77833333333333
5.96
7.405
6.02166666666667
7.23
5.905
5.24
4.115
5.42333333333333
7.28166666666667
5.25833333333333
5.53833333333333
6.015
4.97833333333333
4.5
6.45166666666667
8.355
5.88666666666667
3.975
2.625
1.95833333333333
1.48
1.615
3.51
4.69833333333333
5.53833333333333
5.02166666666667
6.54333333333333
5.7
5.40333333333333
5.345
5.52666666666667
5.78833333333333
5.22833333333333
5.24
4.19
4.445
7.93833333333333
6.185
5.43833333333333
3.74666666666667
4.99333333333333
5.92333333333333
5.11
5.02
3.16833333333333
3.96833333333333
3.625
3.85833333333333
5.22
3.73833333333333
2.68333333333333
3.57
3.13666666666667
3.48333333333333
2.25
2.515
3.39
4.13666666666667
8.055
9.21333333333333
7.46333333333333
5.75166666666667
7.87
3.08
3.52333333333333
2.42333333333333
3.005
3.09333333333333
3.46833333333333
5.805
5.91833333333333
5.71666666666667
5.99666666666667
6.26
5.29666666666667
4.07333333333333
4.075
3.99833333333333
5.64333333333333
5.44666666666667
6.21666666666667
6.03666666666667
5.69333333333333
5.17666666666667
6.38833333333333
6.35333333333333
6.77833333333333
5.43833333333333
3.04666666666667
2.12
1.73166666666667
3.91
4.29333333333333
4.805
3.72833333333333
3.01333333333333
4.86666666666667
3.54
3.90833333333333
2.81166666666667
3.36833333333333
3.735
3.67833333333333
3.46666666666667
4.86666666666667
5.49833333333333
5.09833333333333
5.1
4.71833333333333
5.67833333333333
6.41666666666667
5.265
7.32333333333333
4.55
2.745
3.74166666666667
2.955
2.36333333333333
4.485
3.67666666666667
3.10333333333333
2.94
2.43333333333333
6.23166666666667
7.17833333333333
7.11
6.01166666666667
5.84666666666667
5.43666666666667
5.10833333333333
5.36166666666667
4.915
5.505
6.78666666666667
5.59666666666667
3.97833333333333
4.14
5.41833333333333
4.68333333333333
4.25
4.025
3.55166666666667
3.18833333333333
3.77166666666667
3.57
4.21666666666667
5.22166666666667
5.59
5.47166666666667
4.455
3.885
4.945
4.06166666666667
4.44166666666667
5.85666666666667
4.21333333333333
4.795
4.705
5.33333333333333
4.97166666666667
4.99666666666667
5.32
4.455
4.57333333333333
4.14
3.44666666666667
2.66666666666667
2.26333333333333
2.75666666666667
2.12
2.01
2.99333333333333
2.34833333333333
2.57166666666667
3.15333333333333
3.80666666666667
4.10833333333333
4.28666666666667
3.975
4.67333333333333
4.48
6.09666666666667
6.635
6.57
6.82166666666667
5.71666666666667
4.37333333333333
3.12333333333333
3.37166666666667
2.43
2.085
2.55666666666667
2.26
3.20666666666667
3.06333333333333
3.89833333333333
5.21666666666667
3.83833333333333
3.34166666666667
3.445
4.12166666666667
5.13
6.01166666666667
6.06
6.53
6.67333333333333
6.09
6.22166666666667
7.10833333333333
5.61833333333333
3.51166666666667
2.645
4.395
3.75333333333333
3.50833333333333
3.16166666666667
3.32833333333333
2.98
3.14
5.58333333333333
3.48166666666667
2.99833333333333
3.57166666666667
4.695
7.17333333333333
7.31
6.44333333333333
5.35
5.51166666666667
6.33666666666667
6.33166666666667
5.84333333333333
5.35833333333333
4.46166666666667
4.69666666666667
3.68
3.52333333333333
4.17
5.21833333333333
5.28
4.87666666666667
5.12166666666667
5.53833333333333
6.44
6.97166666666667
4.42
3.62166666666667
5.56166666666667
6.85666666666667
6.965
7.065
7.49
7.15333333333333
6.785
6.585
6.63666666666667
7.49833333333333
7.13333333333333
4.00333333333333
2.44666666666667
1.87
2.485
2.38166666666667
2.57833333333333
3.42166666666667
5.065
5.895
7.15
4.58833333333333
2.575
2.06333333333333
4.06666666666667
5.09666666666667
7.775
7.855
6.66666666666667
6.77833333333333
7.51333333333333
8.145
7.7
7.225
6.65166666666667
6.31166666666667
5.24833333333333
5.43666666666667
4.84166666666667
4.86333333333333
3.91166666666667
2.80666666666667
3.64666666666667
3.37333333333333
5.36333333333333
6.32666666666667
5.325
5.43833333333333
5.95833333333333
7.21833333333333
6.73833333333333
7.655
7.18
7.505
7.31
7.125
6.76666666666667
5.86833333333333
6.40333333333333
7.69333333333333
8.155
7.62166666666667
4.4
6.00166666666667
4.855
3.34
2.48666666666667
2.89666666666667
3.44166666666667
4.24833333333333
2.66833333333333
3.59666666666667
4.75166666666667
5.30166666666667
6.145
7.32
7.78166666666667
7.72166666666667
8.84666666666667
8.005
9.00333333333333
8.47333333333333
6.7
4.27666666666667
3.34666666666667
3.95333333333333
3.31
2.995
4.04833333333333
3.76333333333333
4.18333333333333
4.70333333333333
5.12833333333333
5.235
7.23166666666667
8.21666666666667
8.07666666666667
9.50166666666667
9.13333333333333
9.905
9.81
9.225
9.63
8.41166666666667
7.78166666666667
7.215
6.03
4.07666666666667
4.46
3.38
2.76666666666667
3.00166666666667
3.055
2.69
3.85
2.64166666666667
4.785
5.18166666666667
3.21833333333333
2.63
2.96166666666667
4.795
7.615
8.135
7.63
8.575
8.58333333333333
8.85833333333333
8.67833333333333
6.62833333333333
6.745
4.24666666666667
4.90166666666667
4.275
3.58833333333333
5.46666666666667
4.26833333333333
3.78
3.21
2.755
3.36333333333333
3.54333333333333
2.795
3.60166666666667
3.88833333333333
4.75166666666667
5.23
5.43666666666667
7.16333333333333
4.885
5.31
5.64666666666667
6.10666666666667
6.19166666666667
5.31333333333333
5.715
6.35833333333333
5.02666666666667
3.555
3.15666666666667
3.06666666666667
3.755
3.135
3.85166666666667
3.25833333333333
4.24
4.305
4.17333333333333
5.30166666666667
5.18166666666667
6.36333333333333
6.32833333333333
7.35
7.58666666666667
7.46666666666667
8.34666666666667
7.18
6.87
7.89666666666667
7.04333333333333
6.73166666666667
6.24166666666667
6.52833333333333
5.77833333333333
6.06833333333333
6.12666666666667
6.245
4.73666666666667
2.10666666666667
3.20333333333333
3.125
2.57333333333333
3.30666666666667
5.3
5.72833333333333
6.35833333333333
6.425
6.05666666666667
5.98166666666667
6.17666666666667
7.26666666666667
7.55666666666667
6.97
8.49333333333333
8.45333333333333
7.46333333333333
4.535
7.25
4.955
4.06666666666667
3.9
4.40833333333333
4.39666666666667
3.89
3.78166666666667
4.135
3.58666666666667
5.755
6.11333333333333
6.99666666666667
6.74833333333333
6.515
7.22166666666667
6.68
7.00166666666667
7.885
7.39666666666667
7.14
6.66333333333333
6.125
6.98166666666667
4.55333333333333
4.375
3.85166666666667
3.14333333333333
3.20166666666667
3.345
4.73166666666667
4.26833333333333
4.13833333333333
4.50666666666667
6.66833333333333
6.06
6.135
6.84666666666667
7.24166666666667
7.29333333333333
8.6
8.74833333333333
6.45
4.16666666666667
4.325
5.64333333333333
5.215
4.02833333333333
4.84666666666667
5.63666666666667
5.925
6.12333333333333
5.69166666666667
4.945
4.645
4.34166666666667
4.61333333333333
5.73833333333333
6.00333333333333
7.29
6.825
7.21166666666667
6.72
7.07166666666667
7.10833333333333
8.155
8.49166666666667
6.63666666666667
4.33
5.43666666666667
5.50333333333333
6.18166666666667
6.775
6.10333333333333
4.93666666666667
4.12666666666667
3.925
5.12833333333333
5.02833333333333
3.67333333333333
3.40833333333333
3.97666666666667
4.78666666666667
6.40333333333333
6.21833333333333
7.17166666666667
6.625
6.44166666666667
7.31333333333333
5.44833333333333
4.59
6.285
4.12333333333333
4.14333333333333
3.34
4.03
4.62
3.92333333333333
3.855
4.98
4.995
4.85333333333333
4.99666666666667
4.79666666666667
4.31333333333333
5.58
5.55166666666667
6.05666666666667
5.005
5.17166666666667
6.495
5.51666666666667
3.71166666666667
3.45833333333333
3.86833333333333
4.87666666666667
4.555
3.22333333333333
4.31833333333333
3.61833333333333
4.08666666666667
2.77
1.84666666666667
2.55666666666667
2.115
2.17
2.34833333333333
1.61833333333333
2.22833333333333
3.14
4.11666666666667
3.94666666666667
4.77666666666667
4.53833333333333
5.15333333333333
5.12
5.77166666666667
7.30666666666667
6.47666666666667
7.06833333333333
8.71333333333333
6.15666666666667
4.875
5.40166666666667
4.26166666666667
3.69833333333333
3.84166666666667
4.42833333333333
4.24166666666667
4.42333333333333
5.50666666666667
5.09666666666667
5.45833333333333
6.27333333333333
6.38333333333333
7.185
7.50333333333333
7.27666666666667
6.59333333333333
7.7
7.76666666666667
7.17333333333333
6.505
8.31
4.29166666666667
3.895
5.43666666666667
3.09333333333333
2.44166666666667
3.87166666666667
2.46333333333333
4.095
4.105
3.355
4.61833333333333
4.51666666666667
3.375
5.45
6.71333333333333
7.26
8.355
7.98333333333333
7.71833333333333
7.81833333333333
8.11333333333334
7.66
8.06833333333333
6.08666666666667
3.62
2.37833333333333
2.05333333333333
2.00833333333333
2.53
3.69
4.18166666666667
5.78333333333333
5.97666666666667
4.97
4.81666666666667
5.08333333333333
4.20333333333333
5.09333333333333
4.52666666666667
6.12
6.46833333333333
6.645
6.23
6.65
6.965
7.56166666666667
7.57166666666667
7.11333333333333
6.37666666666667
4.205
6.165
4.69
3.26833333333333
2.895
3.045
1.00333333333333
2.105
3.12333333333333
2.58333333333333
2.56
2.13833333333333
2.605
3.61666666666667
5.43166666666667
5.63833333333333
5.77166666666667
6.29
5.52166666666667
5.485
5.69166666666667
6.01333333333333
4.81333333333333
5.22666666666667
6.19666666666667
3.32833333333333
2.25
2.18333333333333
3.06166666666667
2.80833333333333
4.40833333333333
4.34166666666667
2.82166666666667
2.17166666666667
5.54833333333333
4.985
5.09
5.87166666666667
6.37333333333333
6.44166666666667
6.24
6.00666666666667
6.515
6.77833333333333
6.425
6.97833333333333
7.32833333333333
7.26833333333333
6.42166666666667
4.995
4.52
1.905
1.435
6.72666666666667
4.99333333333333
3.98
5.08166666666667
4.53
4.835
4.86166666666667
5.45
8.04833333333333
7.97333333333333
7.36
7.205
8.57833333333333
7.85166666666667
7.96166666666667
7.61666666666667
6.795
5.98333333333333
5.78833333333333
7.78666666666667
5.90833333333333
5.205
3.89166666666667
5.11333333333333
3.36
3.23166666666667
3.73
3.58666666666667
3.98
5.22166666666667
5.56
4.36333333333333
6.455
6.34666666666667
6.10333333333333
5.71333333333333
7.06333333333333
7.365
7.30666666666667
7.20166666666667
7.935
6.63833333333333
6.77833333333333
5.52166666666667
7.335
5.535
3.85833333333333
5.25
3.59
3.44
2.61166666666667
2.755
2.77166666666667
3.06833333333333
2.585
4.63333333333333
5.69833333333333
6.18166666666667
6.64666666666667
6.46833333333333
7.31166666666667
7.05833333333333
7.46666666666667
7.99666666666667
7.09666666666667
6.47333333333333
4.43333333333333
3.99166666666667
3.265
3.49833333333333
3.61
4.57666666666667
4.39833333333333
3.195
1.87666666666667
2.70666666666667
2.65666666666667
3.425
3.46333333333333
3.77333333333333
4.27833333333333
4.175
4.00166666666667
4.655
4.635
5.08333333333333
6.71666666666667
6.95666666666667
6.795
7.15333333333333
6.335
5.72833333333333
5.99833333333333
5.25333333333333
4.96166666666667
6.38833333333333
6.09833333333333
4.33
5.74333333333333
5.50333333333333
4.10166666666667
3.69833333333333
2.88166666666667
3.075
4.78
6.96666666666667
6.41
6.91666666666667
6.21833333333333
6.40166666666667
5.61333333333333
6.095
5.32333333333333
4.25666666666667
4.47166666666667
3.5
5.19666666666667
5.59166666666667
4.275
4.16833333333333
3.92
4.47166666666667
5.56666666666667
4.2
3.84333333333333
2.99
2.02833333333333
3.90333333333333
5.21666666666667
6.32833333333333
6.285
5.69
6.835
6.39333333333333
6.79
6.67
6.155
5.17333333333333
3.70833333333333
3.56166666666667
5.27
4.09833333333333
2.19166666666667
2.715
2.92666666666667
3.03833333333333
2.49833333333333
2.15333333333333
2.47
3.25333333333333
3.14833333333333
4.09166666666667
3.79
4.625
4.33666666666667
3.8
5.06666666666667
5.49833333333333
6.27666666666667
7.43
6.80666666666667
4.74666666666667
3.70666666666667
3.31333333333333
2.67166666666667
2.36833333333333
1.91333333333333
2.83666666666667
4.14833333333333
2.61666666666667
2.88666666666667
3.38333333333333
4.35833333333333
4.75166666666667
3.16666666666667
3.785
3.52
5.02666666666667
8.45333333333333
6.42
6.145
6.08666666666667
6.03333333333333
7.08833333333333
6.925
3.50333333333333
3.64166666666667
4.83833333333333
4.88833333333333
4.60666666666667
4.97666666666667
5.36333333333333
4.27666666666667
3.865
3.07833333333333
2.51
2.65333333333333
3.89333333333333
3.22666666666667
4.39166666666667
4.21
3.78666666666667
5.175
5.695
5.89
6.00666666666667
8.11
7.33666666666667
6.85833333333333
5.92833333333333
4.65833333333333
5.00166666666667
5.88666666666667
5.76666666666667
5.37333333333333
4.82166666666667
5.22
4.67833333333333
3.64333333333333
3.52833333333333
5.235
4.19833333333333
4.84333333333333
5.635
5.69666666666667
6.02333333333333
5.595
6.14166666666667
6.565
6.65833333333333
6.96
7.28
7.33333333333333
7.03833333333333
6.125
4.42833333333333
6.06833333333333
6.49666666666667
6.02833333333333
5.68333333333333
4.99833333333333
4.05666666666667
4.18666666666667
5.46833333333333
5.22333333333333
5.675
6.06166666666667
6.39833333333333
7.56833333333333
8.36166666666667
7.71833333333333
8.01333333333333
6.535
6.23666666666667
6.11166666666667
6.98833333333333
6.24333333333333
3.35
2.50333333333333
3.12666666666667
3.88
4.14
4.425
4.70833333333333
5.01
4.55333333333333
3.835
3.215
3.74166666666667
4.03333333333333
4.76666666666667
5.285
4.83
5.03166666666667
4.77333333333333
4.55166666666667
4.57333333333333
4.44666666666667
5.38166666666667
6.74
7.40166666666667
6.26833333333333
7.40833333333333
7.58
6.95333333333333
5.11666666666667
4.69166666666667
5.355
4.72
3.47833333333333
3.43333333333333
3.46833333333333
2.98666666666667
3.83833333333333
3.41333333333333
4.15833333333333
5.12833333333333
4.51166666666667
4.175
4.31166666666667
4.50666666666667
4.33833333333333
5.64833333333333
6.66666666666667
8.25666666666667
7.505
8.23333333333333
6.82666666666667
6.97333333333333
6.18166666666667
6.51666666666667
5.845
5.125
5.13666666666667
3.79833333333333
3.17333333333333
3.58166666666667
3.105
4.39666666666667
5.99666666666667
6.93
6.76833333333333
6.33
6.38166666666667
6.01666666666667
6.53833333333333
6.97166666666667
7.30333333333333
7.73166666666667
5.12833333333333
4.00666666666667
4.3
4.925
5.52166666666667
6.19166666666667
5.96833333333333
5.3
4.53333333333333
3.75
6.225
4.36666666666667
5.525
5.105
4.59666666666667
5.56833333333333
5.99833333333333
6.04833333333333
6.155
5.47333333333333
5.63666666666667
6.38
7.77
9.33333333333333
6.99833333333333
6.11
6.37833333333333
6.38333333333333
6.39
6.72833333333333
6.0
4.74333333333333
4.09833333333333
4.04166666666667
4.82333333333333
3.21
4.47166666666667
4.66
5.97166666666667
5.395
5.60833333333333
5.36166666666667
4.75
4.03833333333333
5.02333333333333
5.93333333333333
6.38666666666667
6.69333333333333
6.135
4.625
5.185
6.045
6.235
5.295
4.555
3.89
3.36166666666667
2.395
3.15666666666667
2.38333333333333
4.07833333333333
3.98666666666667
5.03333333333333
5.02666666666667
4.83333333333333
4.78833333333333
4.91833333333333
5.0
5.46833333333333
6.01833333333333
6.87333333333333
7.55
5.13
4.47166666666667
6.645
6.97
5.88833333333333
5.26666666666667
4.65
4.925
4.18666666666667
3.68833333333333
4.82166666666667
4.23166666666667
4.56666666666667
4.67333333333333
6.835
8.58166666666667
7.81
6.815
6.13166666666667
5.61333333333333
6.22833333333333
6.69333333333333
6.59333333333333
6.77166666666667
6.68333333333333
6.21666666666667
6.73
4.53666666666667
5.525
4.72666666666667
5.33666666666667
3.42833333333333
3.61833333333333
3.345
3.76166666666667
3.69166666666667
3.49
3.46666666666667
4.85666666666667
5.30666666666667
5.20833333333333
5.24166666666667
4.525
4.62666666666667
3.41833333333333
3.07333333333333
4.07166666666667
6.40833333333333
7.18333333333333
8.11166666666667
7.96333333333333
6.79166666666667
7.49666666666667
7.02166666666667
6.585
6.345
5.99833333333333
6.88833333333333
5.99833333333333
5.82333333333333
5.69
6.22666666666667
5.88833333333333
6.67666666666667
6.355
4.80166666666667
4.705
4.24
3.63333333333333
4.51833333333333
5.86333333333333
6.78
7.965
8.62833333333333
7.94666666666667
6.38833333333333
5.57333333333333
4.585
5.09666666666667
5.47166666666667
5.855
5.35333333333333
5.53
5.475
4.935
5.83666666666667
5.855
7.10833333333333
7.15666666666667
5.14
4.37166666666667
4.41833333333333
4.96
4.90333333333333
4.95
6.015
6.93833333333333
7.565
6.43333333333333
6.04333333333333
5.105
4.9
4.06833333333333
5.11833333333333
4.65
4.87
5.85833333333333
4.79833333333333
4.49666666666667
4.86166666666667
5.815
7.65666666666667
7.57833333333333
7.01666666666667
6.96666666666667
6.115
6.27666666666667
6.31166666666667
6.94666666666667
7.17666666666667
7.52
7.03166666666667
7.115
6.51166666666667
5.81833333333333
5.09166666666667
4.18166666666667
4.14
3.74
3.86833333333333
3.11666666666667
3.86833333333333
4.735
4.88666666666667
5.21
6.125
6.91333333333333
7.52
7.11
6.83833333333333
6.89666666666667
7.06
7.62833333333333
8.12666666666667
7.57666666666667
7.82666666666667
6.835
5.105
6.415
6.65833333333333
4.805
2.72
2.99333333333333
3.62333333333333
3.27666666666667
3.32
4.55166666666667
4.17666666666667
5.39666666666667
6.19166666666667
6.69166666666667
7.18
6.845
6.15166666666667
5.99666666666667
6.595
7.00166666666667
7.64333333333333
6.89833333333333
6.66166666666667
6.055
4.89333333333333
4.52166666666667
3.68833333333333
2.78166666666667
3.28166666666667
4.70166666666667
4.09166666666667
4.65833333333333
4.78333333333333
4.74333333333333
5.56333333333333
5.8
6.67166666666667
7.77333333333333
7.05166666666667
7.16666666666667
7.45833333333333
7.75166666666667
7.82666666666667
8.58666666666667
7.99833333333333
5.00666666666667
3.475
4.865
4.145
4.94666666666667
5.81333333333333
5.69166666666667
4.31833333333333
3.425
3.87166666666667
3.65
3.07833333333333
2.845
3.15333333333333
4.16333333333333
5.09666666666667
5.96166666666667
6.26833333333333
6.035
6.14833333333333
7.18333333333333
6.41833333333333
6.97
7.185
6.69166666666667
6.59666666666667
6.71333333333333
5.79
4.63833333333333
5.785
5.02666666666667
4.46666666666667
3.92333333333333
3.84166666666667
3.14166666666667
4.235
3.37
3.91
5.81666666666667
5.395
5.81166666666667
5.81
5.585
5.46333333333333
5.75
5.79333333333333
6.72666666666667
7.07
7.28333333333333
8.01
6.72166666666667
7.875
7.76
5.98833333333333
4.94833333333333
5.16166666666667
4.65666666666667
4.8
4.95
5.41833333333333
4.56666666666667
3.76166666666667
5.195
6.09833333333333
5.885
6.59166666666667
5.89833333333333
6.00333333333333
6.51166666666667
6.86666666666667
7.91333333333333
8.54
7.98166666666667
6.89333333333333
8.20833333333333
6.83
6.83
6.17833333333333
6.70833333333333
5.14
5.04833333333333
6.315
6.02833333333333
6.09833333333333
5.75
6.14
7.01333333333333
7.16666666666667
7.15333333333333
6.66666666666667
6.39
6.65833333333333
6.37666666666667
6.715
8.28
8.81166666666667
6.29166666666667
5.90833333333333
7.20333333333333
6.94333333333333
5.335
5.25166666666667
5.20666666666667
4.29
4.95333333333333
4.35333333333333
4.65166666666667
3.63166666666667
4.16166666666667
5.28833333333333
5.60666666666667
6.07166666666667
6.12
5.74166666666667
5.18
5.60333333333333
5.43666666666667
6.07333333333333
6.66833333333333
7.35166666666667
5.60833333333333
6.01
5.72666666666667
5.82666666666667
5.685
4.86166666666667
5.77666666666667
3.975
2.90833333333333
2.07333333333333
3.06666666666667
2.62
2.01166666666667
2.68166666666667
4.29
5.15666666666667
5.01666666666667
4.89666666666667
4.79
4.66
4.745
5.23833333333333
5.80333333333333
7.835
8.87666666666667
8.15333333333333
6.715
6.91833333333333
6.31666666666667
5.465
5.31833333333333
5.15666666666667
6.83833333333333
6.97166666666667
6.825
5.28333333333333
4.72666666666667
6.12166666666667
7.4
6.97166666666667
6.15
5.25166666666667
4.90833333333333
3.63333333333333
4.22166666666667
4.84
7.45666666666667
8.385
8.71333333333333
7.785
6.33333333333333
7.10333333333333
6.245
5.71166666666667
6.3
6.63666666666667
5.36166666666667
5.00833333333333
4.80166666666667
3.94
4.64833333333333
4.93166666666667
6.76166666666667
6.34
4.73333333333333
3.91833333333333
2.56333333333333
3.22666666666667
3.67666666666667
3.62333333333333
4.7
6.48666666666667
8.56
7.63833333333333
7.85333333333333
7.48166666666667
7.87833333333333
7.445
5.19666666666667
6.34833333333333
6.19833333333333
5.37333333333333
5.00333333333333
4.39
3.99166666666667
3.50833333333333
4.41333333333333
3.06833333333333
3.16666666666667
3.19666666666667
3.89
3.99166666666667
3.85666666666667
2.91
4.14166666666667
7.46833333333333
6.65333333333333
6.47
5.91
5.88666666666667
4.87666666666667
4.33333333333333
3.83666666666667
3.745
3.40333333333333
3.34
3.31333333333333
2.50333333333333
2.64333333333333
2.86166666666667
3.60833333333333
4.88166666666667
4.92833333333333
5.30666666666667
4.87666666666667
5.82166666666667
6.02333333333333
7.25666666666667
6.62166666666667
6.89
8.14666666666667
8.595
6.925
5.55833333333333
3.55333333333333
2.195
2.71166666666667
2.30333333333333
2.06333333333333
2.31
2.215
2.24666666666667
1.51833333333333
3.035
3.8
4.28
5.45166666666667
6.27333333333333
5.63833333333333
6.80833333333333
6.87666666666667
7.015
7.04166666666667
6.36166666666667
6.275
5.46166666666667
4.625
5.21833333333333
5.125
7.02
5.80166666666667
4.35166666666667
2.665
2.825
3.64
3.46166666666667
3.89166666666667
3.39333333333333
4.275
5.43166666666667
5.45
5.93
5.81
6.175
5.31
5.14
5.58333333333333
6.12833333333333
6.65
5.81166666666667
5.99333333333333
6.15833333333333
6.62
6.66166666666667
4.38333333333333
3.68
3.84666666666667
3.98833333333333
3.15333333333333
3.57666666666667
4.04333333333333
3.47666666666667
5.25
7.135
6.05666666666667
6.74333333333333
5.53833333333333
5.295
6.38
7.57166666666667
8.875
9.155
9.61666666666667
7.98
7.28
7.09166666666667
6.45833333333333
5.53
5.615
5.35333333333333
6.67
5.045
4.25666666666667
4.14333333333333
3.69333333333333
5.06666666666667
7.02333333333333
7.59833333333333
7.105
6.845
7.115
6.44666666666667
6.71166666666667
7.15
7.28166666666667
7.735
9.61333333333334
9.25666666666667
9.37666666666667
8.82666666666667
7.83166666666667
6.91166666666667
7.02166666666667
6.19
6.08
4.79166666666667
5.72166666666667
5.01833333333333
3.9
4.91
6.82166666666667
6.28166666666667
5.42333333333333
4.75833333333333
4.76333333333333
4.32666666666667
4.385
5.36166666666667
6.86833333333333
8.04833333333333
7.90833333333333
8.01333333333333
9.61333333333333
8.345
8.02333333333333
6.86
6.27166666666667
6.00833333333333
6.235
5.905
5.06833333333333
4.94
4.815
5.19
5.435
5.46833333333333
5.03
5.00333333333333
4.36166666666667
3.28
4.10833333333333
5.21
6.97
7.76166666666667
8.215
7.99833333333333
7.33666666666667
8.55
8.20333333333333
6.325
5.91
4.91666666666667
4.42
4.20833333333333
4.77333333333333
4.97
4.875
5.755
7.705
7.68833333333333
7.72666666666667
7.38166666666667
7.9
7.79166666666667
7.43333333333333
7.535
7.90833333333333
8.765
8.735
8.04333333333333
6.94666666666667
6.8
7.355
6.94666666666667
6.875
6.795
5.62166666666667
6.98
6.37666666666667
6.17666666666667
6.455
7.52666666666667
7.935
8.73833333333334
9.485
9.04
8.99166666666667
8.58833333333333
8.74333333333333
9.41833333333333
9.26
8.88
7.77166666666667
7.72666666666667
7.18333333333333
6.595
6.85
6.98333333333333
5.97666666666667
6.5
5.86333333333333
4.87833333333333
3.61833333333333
4.27333333333333
4.135
5.78666666666667
6.70166666666667
5.51166666666667
5.92833333333333
6.55666666666667
5.74333333333333
4.61833333333333
6.15833333333333
6.47833333333333
8.56
8.69166666666666
7.735
7.78333333333333
6.68666666666667
6.45
5.315
5.13333333333333
5.535
4.29333333333333
3.54166666666667
3.43666666666667
2.98666666666667
3.27833333333333
4.275
5.33
6.38666666666667
7.06333333333333
7.37166666666667
6.25166666666667
6.42
6.21333333333333
5.07666666666667
5.65166666666667
6.18666666666667
8.09333333333333
7.14666666666667
6.88666666666667
6.8
6.55666666666667
6.35666666666667
6.815
6.19
5.54
5.58166666666667
5.245
6.385
5.32833333333333
6.17833333333333
5.74833333333333
6.64
7.74666666666667
7.55333333333333
7.075
7.15833333333333
6.61333333333333
7.72
7.77166666666667
8.485
8.20333333333333
7.12666666666667
5.60166666666667
6.79166666666667
7.185
7.37
6.98833333333333
7.07166666666667
6.28166666666667
6.15
5.80333333333333
4.59
3.85333333333333
3.56666666666667
4.79833333333333
5.665
7.655
7.66166666666667
7.015
7.98833333333333
6.975
7.315
8.28833333333333
8.47
8.915
8.585
8.79166666666667
6.61333333333333
7.48166666666667
6.08166666666667
7.18166666666667
7.90666666666667
6.39833333333333
4.15166666666667
3.88166666666667
3.86166666666667
3.97333333333333
4.34666666666667
3.51833333333333
6.31
8.17333333333333
8.86
8.28333333333333
8.26166666666667
8.56
8.01
8.345
7.74166666666667
8.225
8.365
8.35666666666667
7.235
6.485
6.28833333333333
5.135
5.435
5.96166666666667
5.81333333333333
4.75
5.415
4.02833333333333
5.46666666666667
6.44
6.54666666666667
7.52666666666667
7.26833333333333
7.01
6.51333333333333
7.10333333333333
7.20333333333333
7.02333333333333
7.67
7.285
7.26
7.90333333333333
7.46
6.70833333333333
6.02166666666667
5.96
4.48166666666667
4.78666666666667
4.735
4.19833333333333
5.665
4.83833333333333
4.47833333333333
4.32666666666667
4.72666666666667
4.98666666666667
3.84166666666667
5.13833333333333
6.96833333333333
6.29
7.09
7.16666666666667
7.21833333333333
7.38333333333333
5.435
3.33
4.63166666666667
3.195
3.12166666666667
3.29833333333333
4.05166666666667
4.95166666666667
4.655
4.40166666666667
4.29666666666667
3.81666666666667
3.87666666666667
5.82333333333333
7.575
7.215
6.47
6.105
5.61333333333333
6.39666666666667
6.97333333333333
7.435
8.81166666666667
9.25
7.02666666666667
6.415
7.19833333333333
7.69166666666667
6.705
6.63166666666667
6.46833333333333
6.25666666666667
6.22
6.26833333333333
5.49
5.97666666666667
6.57833333333333
6.90833333333333
7.29833333333333
8.31333333333333
9.02666666666667
9.06333333333333
8.28166666666667
8.76333333333333
8.92166666666667
9.145
9.09666666666667
9.12333333333333
6.98
6.32166666666667
6.32166666666667
5.615
5.23
4.29666666666667
3.18166666666667
2.84333333333333
3.095
3.37
4.075
4.17833333333333
3.99833333333333
6.39333333333333
7.10166666666667
7.41166666666667
7.17
6.13
6.225
6.585
6.00833333333333
6.60833333333333
6.835
8.81666666666666
8.335
7.115
5.17166666666667
4.27
4.43
3.905
3.69666666666667
3.605
3.70333333333333
3.42833333333333
4.65833333333333
4.65
4.44833333333333
4.65333333333333
5.22166666666667
5.87666666666667
6.11666666666667
6.15
6.16166666666667
5.84833333333333
5.39833333333333
6.58
7.64333333333333
9.485
9.765
7.87833333333333
5.7
6.815
7.215
5.29666666666667
3.66833333333333
3.965
5.47166666666667
5.82833333333333
4.82
3.87
4.28833333333333
5.23833333333333
6.51166666666667
7.015
7.1
6.38
5.67166666666667
5.455
5.95333333333333
5.68
6.86
6.86333333333333
7.46333333333333
7.43833333333333
7.24333333333333
5.61166666666667
3.6
6.15833333333333
4.86166666666667
2.10666666666667
1.20333333333333
2.25666666666667
2.385
2.77
3.82
4.79833333333333
6.785
6.875
6.71
6.16333333333333
5.99166666666667
6.85833333333333
6.60833333333333
6.61666666666667
6.57666666666667
6.88166666666667
6.97666666666667
7.52166666666667
6.935
7.85333333333333
6.48166666666667
6.74
5.815
4.55
4.09166666666667
4.09
1.82333333333333
3.455
4.50833333333333
5.18
4.22833333333333
4.41
6.08333333333333
5.875
6.175
6.62666666666667
6.40666666666667
6.685
8.06833333333333
7.52166666666667
7.265
6.68333333333333
6.86166666666667
6.08833333333333
5.06666666666667
4.02166666666667
3.57166666666667
3.91
5.15333333333333
6.09333333333333
5.64333333333333
3.94
3.675
5.53666666666667
6.70666666666667
7.59833333333333
8.2
8.06833333333333
7.96
8.015
8.54333333333333
8.08666666666667
7.68666666666667
8.43833333333333
9.33333333333333
10.265
9.05166666666667
6.99
6.48
7.03666666666667
7.635
6.30666666666667
5.75833333333333
4.955
6.5
5.225
4.6
3.16666666666667
4.57666666666667
7.45166666666667
8.97166666666667
8.64166666666667
9.19166666666667
9.64
8.97
9.01666666666667
8.12
7.50166666666667
6.62333333333333
7.08333333333333
7.27
7.8
7.52833333333333
6.97666666666667
6.79833333333333
6.41666666666667
5.69833333333333
4.27
3.68333333333333
3.94666666666667
2.89333333333333
3.52833333333333
6.73333333333333
6.60333333333333
8.12666666666667
8.02166666666667
7.40666666666667
5.76333333333333
5.43833333333333
5.83833333333333
5.575
5.43666666666667
6.06333333333333
4.825
3.31666666666667
4.51833333333333
6.51833333333333
6.45333333333333
6.09166666666667
4.685
4.97833333333333
4.12
3.93
2.82833333333333
3.46666666666667
4.63333333333333
6.14166666666667
5.955
5.34
4.86166666666667
4.475
4.46833333333333
4.16833333333333
4.37333333333333
4.175
4.73166666666667
7.76166666666667
8.83666666666667
7.64333333333333
8.855
7.73166666666667
6.49
4.78333333333333
4.89166666666667
3.73666666666667
3.97833333333333
4.8
5.11
3.94666666666667
4.72833333333333
5.73666666666667
6.48333333333333
6.29166666666667
5.88333333333333
4.36333333333333
3.08
3.79833333333333
4.8
5.655
6.44
8.335
9.545
8.95833333333333
9.74
9.11333333333333
8.71833333333333
7.52833333333333
7.77333333333333
8.00833333333333
8.25166666666667
7.58666666666667
7.865
7.61166666666667
8.12833333333334
8.01666666666667
7.26666666666667
7.165
7.87166666666667
6.97833333333333
5.07166666666667
5.55166666666667
5.31333333333333
4.98166666666667
6.62333333333333
8.96666666666667
9.15666666666667
8.72166666666667
9.205
8.05833333333333
7.29333333333333
8.135
8.60166666666667
7.505
6.78333333333333
6.815
7.23666666666667
8.1
8.42166666666667
8.64833333333334
7.57333333333333
7.115
5.99166666666667
5.83
4.92666666666667
4.41333333333333
5.225
6.565
6.97
8.87666666666667
9.83333333333333
10.7916666666667
10.4783333333333
9.60166666666667
7.93833333333333
8.37333333333333
6.85833333333333
7.82333333333333
7.42166666666667
6.25166666666667
5.99666666666667
6.53166666666667
7.395
8.07
6.61
4.86333333333333
3.595
2.1
1.78
1.50166666666667
1.46
4.65833333333333
6.64166666666667
5.21666666666667
7.62
6.36166666666667
6.58166666666667
5.655
5.74166666666667
6.45166666666667
7.01666666666667
7.48166666666667
5.91666666666667
6.27666666666667
6.20666666666667
5.605
5.30333333333333
5.66833333333333
5.77333333333333
5.82333333333333
4.50333333333333
4.37833333333333
3.695
4.09
4.70333333333333
5.03833333333333
7.285
8.52333333333333
8.52333333333334
7.54833333333333
7.695
6.425
5.71333333333333
5.68833333333333
3.91
4.32666666666667
4.02333333333333
4.215
3.97
3.80166666666667
6.7
5.93333333333333
5.23333333333333
4.97166666666667
4.585
3.48166666666667
3.38
3.49
4.17
4.95166666666667
5.4
7.03166666666667
8.18
7.33
5.69833333333333
5.105
5.20333333333333
4.57
4.61
3.32333333333333
3.88166666666667
3.30833333333333
4.17
4.43666666666667
3.89333333333333
5.10833333333333
4.54166666666667
5.51
5.54833333333333
5.82833333333333
6.25333333333333
5.02
4.565
5.47333333333333
7.595
9.49833333333333
7.885
7.57833333333333
7.055
5.27666666666667
5.125
5.645
4.34
4.985
4.63666666666667
5.54833333333333
6.185
4.60333333333333
4.86333333333333
5.645
6.16333333333333
5.88166666666667
5.71833333333333
4.49166666666667
4.78833333333333
5.38166666666667
4.79
5.74833333333333
7.49333333333333
8.145
6.18166666666667
6.09666666666667
3.81666666666667
4.42666666666667
5.06166666666667
5.7
5.27
3.16833333333333
3.58333333333333
2.87666666666667
3.00833333333333
3.025
5.05166666666667
5.52666666666667
4.90666666666667
6.29666666666667
5.54666666666667
5.68333333333333
5.735
5.11333333333333
4.29666666666667
3.995
5.85833333333333
7.11666666666667
4.71166666666667
4.28166666666667
3.72
5.96666666666667
4.7
4.89666666666667
5.21166666666667
5.28666666666667
5.215
3.88
3.43333333333333
3.24666666666667
3.775
3.88166666666667
4.72666666666667
4.84
4.10666666666667
3.50333333333333
3.21833333333333
2.855
3.985
5.915
7.105
8.52666666666667
8.94333333333333
8.45666666666667
7.725
6.96833333333333
6.955
6.27166666666667
5.40333333333333
5.595
4.01
4.115
4.41666666666667
4.48
4.72666666666667
4.79833333333333
5.59833333333333
5.23166666666667
4.815
4.65166666666667
3.715
4.32333333333333
4.79
4.38
5.81166666666667
8.42166666666667
8.805
8.05333333333333
8.22166666666667
8.09166666666667
7.44
6.99
6.66666666666667
5.60833333333333
4.85666666666667
5.38166666666667
4.89666666666667
4.88166666666667
5.92333333333333
4.91833333333333
4.73666666666667
4.70166666666667
4.525
5.09333333333333
4.70666666666667
4.81833333333333
4.39
4.385
5.40833333333333
7.075
8.90833333333333
8.99333333333333
8.5
7.33833333333333
7.04333333333333
6.30166666666667
6.14666666666667
5.93333333333333
5.82333333333333
4.82333333333333
5.69
5.97166666666667
6.42
6.42666666666667
5.37333333333333
4.465
4.70166666666667
5.07833333333333
4.78666666666667
4.01166666666667
5.25
5.63833333333333
6.71166666666667
8.51666666666667
8.305
7.85333333333333
7.54333333333333
5.42166666666667
4.94
6.55166666666667
4.90833333333333
4.81833333333333
4.89
4.725
4.41666666666667
4.80833333333333
4.90666666666667
5.44833333333333
5.585
5.075
5.18
4.45166666666667
4.7
4.35
5.0
7.135
7.345
7.41
7.97
7.3
5.36333333333333
3.38333333333333
3.87833333333333
3.37166666666667
2.93833333333333
3.79333333333333
2.83833333333333
3.57833333333333
1.84833333333333
2.18
1.77
4.78833333333333
7.06833333333333
7.72666666666667
7.40166666666667
7.37333333333333
6.73166666666667
6.15666666666667
6.715
7.575
7.585
7.64833333333333
7.98666666666667
8.08333333333333
6.785
6.145
4.855
3.95666666666667
3.65833333333333
4.09
3.46666666666667
2.665
3.565
4.04166666666667
4.27
6.38333333333333
7.20833333333333
7.15333333333333
6.60666666666667
6.62833333333333
7.315
6.8
7.06166666666666
6.97666666666667
6.67
7.94166666666667
5.94166666666667
5.04166666666667
4.86
4.435
4.585
4.005
2.49666666666667
2.18666666666667
2.03166666666667
3.79
4.18166666666667
3.05
4.45666666666667
4.54666666666667
4.72166666666667
5.25
5.33333333333333
6.37
6.14166666666667
6.18833333333333
6.24666666666667
6.8
8.51833333333333
8.30333333333333
5.30666666666667
5.58666666666667
4.61333333333333
5.455
5.52666666666667
3.19166666666667
2.79333333333333
4.27
2.67333333333333
2.845
4.115
4.14666666666667
5.70166666666667
6.25333333333333
6.60333333333333
6.15166666666667
6.13833333333333
5.72166666666667
5.78333333333333
4.76666666666667
4.97833333333333
5.57666666666667
6.69833333333333
7.79833333333333
6.04666666666667
6.365
5.11166666666667
5.33
5.805
4.91
3.63833333333333
3.76666666666667
2.66166666666667
3.19166666666667
3.475
3.63833333333333
4.05666666666667
5.53166666666667
5.46333333333333
5.385
5.78666666666667
5.61
4.77
4.90166666666667
4.50666666666667
4.67666666666667
5.88
7.36333333333333
8.2
6.79666666666667
5.54666666666667
5.59166666666667
5.84166666666667
5.41333333333333
5.08166666666667
5.88666666666667
5.725
4.55333333333333
4.39333333333333
4.59833333333333
5.585
5.84166666666667
6.12
5.61333333333333
5.17833333333333
5.01
5.23
4.65333333333333
3.71833333333333
4.65
7.06833333333333
8.42166666666667
7.70666666666667
7.605
5.03333333333333
3.995
3.94833333333333
4.59
4.82833333333333
5.18666666666667
4.84
3.49833333333333
4.93333333333333
3.99833333333333
5.185
6.58666666666667
6.28166666666667
7.22333333333333
6.015
5.16666666666667
3.93
4.885
4.05666666666667
5.34
5.46
7.81333333333333
7.12833333333333
6.36833333333333
5.505
6.09166666666667
7.66166666666667
7.41
6.105
6.82166666666667
6.63833333333333
6.51333333333333
5.57
5.51
6.21333333333333
5.58666666666667
5.35166666666667
5.77166666666667
4.66333333333333
4.17666666666667
3.40333333333333
3.66833333333333
3.55666666666667
3.86833333333333
5.165
7.71833333333333
8.355
8.53166666666667
8.46
7.43166666666667
6.34833333333333
5.69
4.61666666666667
5.34833333333333
5.16666666666667
5.38
4.7
4.61666666666667
4.78
5.07
4.355
4.27666666666667
3.70666666666667
3.59833333333333
3.025
3.65333333333333
4.15666666666667
4.45333333333333
5.97
9.535
9.415
9.03166666666667
6.975
6.34833333333333
6.86
6.22833333333333
5.315
5.175
5.235
6.06666666666667
6.805
6.12666666666667
7.455
8.40666666666667
7.27333333333333
6.44333333333333
6.72
5.89833333333333
4.55833333333333
3.76166666666667
4.56666666666667
4.71666666666667
6.36666666666667
8.14166666666667
8.68833333333333
8.41333333333333
6.60833333333333
6.005
6.31
6.47666666666667
5.11333333333333
5.40666666666667
5.34166666666667
4.415
5.93
6.62166666666667
6.12666666666667
6.32333333333333
5.42833333333333
5.04
4.43833333333333
3.91833333333333
3.91166666666667
3.89666666666667
5.275
5.83166666666667
7.63666666666667
9.05833333333333
8.63166666666667
8.07333333333333
8.77833333333333
8.12
7.09333333333333
5.6
5.44333333333333
4.91166666666667
5.89
4.75333333333333
6.21
5.44166666666667
4.29166666666667
3.94166666666667
5.03666666666667
5.01833333333333
5.145
5.13833333333333
5.10666666666667
4.52666666666667
5.00166666666667
5.10166666666667
6.02833333333333
7.04
8.69333333333333
6.88
6.245
6.1
5.48
5.01333333333333
4.36666666666667
3.83166666666667
4.225
3.78666666666667
3.49833333333333
3.04
3.53333333333333
5.79333333333333
5.39666666666667
5.69166666666667
5.58
4.96
5.52666666666667
5.13166666666667
5.485
6.09
7.70166666666667
7.8
8.45
7.43666666666667
6.30666666666667
6.98166666666667
7.425
5.14333333333333
4.35333333333333
4.775
3.51
3.88333333333333
4.31833333333333
4.55666666666667
5.31833333333333
5.43833333333333
5.6
5.86833333333333
5.635
5.235
5.39333333333333
4.97
5.06333333333333
5.69166666666667
6.28333333333333
8.29
8.865
8.06666666666667
5.05666666666667
5.285
5.25333333333333
6.22666666666667
5.56166666666667
5.025
5.70333333333333
5.33333333333333
3.85166666666667
3.63833333333333
3.445
5.39166666666667
6.36166666666667
6.60166666666667
6.07166666666667
5.75
5.67166666666667
4.91166666666667
4.795
5.36833333333333
7.34
8.23
8.94333333333333
8.35666666666667
6.57
4.55
4.685
4.975
4.51666666666667
3.25666666666667
2.13166666666667
2.335
3.12666666666667
2.99166666666667
3.44166666666667
4.74166666666667
5.26666666666667
4.91166666666667
4.88166666666667
4.82
5.27833333333333
3.76833333333333
4.905
5.985
6.59166666666667
8.40666666666667
9.17666666666667
8.195
6.43333333333333
6.365
5.28666666666667
4.49166666666667
4.71333333333333
4.39166666666667
4.48333333333333
3.75
4.22666666666667
3.62333333333333
4.81833333333333
6.46666666666667
6.68
6.94
6.795
6.79166666666667
7.34333333333333
7.82
6.79833333333333
7.145
8.11833333333333
8.79166666666667
8.6
8.625
7.945
7.235
4.86666666666667
4.05833333333333
5.63833333333333
4.435
4.21333333333333
4.59666666666667
4.36666666666667
4.45
5.25
7.39166666666667
8.205
8.405
7.59833333333333
7.3
6.925
7.21666666666667
8.21
8.09833333333333
8.79333333333333
9.21833333333333
8.2
7.86
7.28
6.92
5.48166666666667
4.42333333333333
4.75
4.89333333333333
5.19166666666667
4.54833333333333
5.02
4.21166666666667
5.32333333333333
6.61666666666667
7.11166666666667
7.86
7.87833333333333
7.58833333333333
7.07166666666667
6.97666666666667
8.12833333333333
8.29666666666667
8.85666666666667
8.8
8.98833333333333
7.49833333333333
7.18333333333333
6.995
6.41833333333333
6.385
5.50333333333333
5.1
5.54333333333333
5.75333333333333
6.43
5.99333333333333
5.615
5.95
7.18166666666667
7.14166666666667
7.48833333333333
7.73833333333333
7.58833333333333
7.23833333333333
6.61
6.96833333333333
8.815
8.665
8.52666666666667
8.29833333333333
8.56166666666667
6.96
5.96333333333333
5.66
5.27833333333333
3.89166666666667
4.20333333333333
3.70833333333333
3.49166666666667
3.96333333333333
5.26166666666667
7.175
7.48
7.01166666666667
6.46
6.56166666666667
6.27333333333333
6.35
6.12166666666667
6.37333333333333
7.04666666666667
8.12
9.38166666666667
8.035
6.42333333333333
6.9
6.74333333333333
5.6
4.86166666666667
5.36833333333333
5.01833333333333
4.75
4.35666666666667
4.43833333333333
3.6
6.1
6.82333333333333
7.58166666666667
7.62666666666667
7.09166666666667
6.61333333333333
5.63833333333333
5.90333333333333
6.11166666666667
7.52333333333333
8.42666666666667
8.655
7.33
7.21666666666667
6.28166666666667
8.28833333333333
6.75833333333333
5.03333333333333
5.13666666666667
4.64166666666667
4.41833333333333
3.93333333333333
3.33
3.69
5.32333333333333
6.49833333333333
7.17333333333333
7.06333333333333
6.71333333333333
5.93333333333333
7.89833333333333
8.325
9.20333333333333
7.66
9.05833333333333
8.24
8.52333333333333
8.96166666666667
7.35666666666667
5.52666666666667
5.195
4.77666666666667
4.63333333333333
3.01166666666667
3.10166666666667
3.30666666666667
3.60833333333333
3.80833333333333
5.48166666666667
5.55166666666667
6.34166666666667
6.65
6.62
5.86666666666667
5.32333333333333
5.4
6.76833333333333
7.94
6.31
6.345
6.43
6.01666666666667
5.16166666666667
5.42833333333333
5.39333333333333
4.75166666666667
3.81333333333333
5.565
4.995
4.60833333333333
3.37
3.41666666666667
4.37666666666667
5.245
5.53666666666667
6.11166666666667
5.435
5.46333333333333
5.67333333333333
5.53833333333333
6.31666666666667
7.16833333333333
7.48166666666667
5.57166666666667
4.16
3.02166666666667
3.035
3.91
3.92166666666667
3.84166666666667
3.60166666666667
3.20166666666667
2.795
2.82333333333333
3.08
3.175
3.67833333333333
3.61166666666667
3.24833333333333
2.995
3.60333333333333
2.83666666666667
2.71
3.14166666666667
3.71
5.38166666666667
6.55666666666667
5.85666666666667
5.63166666666667
6.16
6.21833333333333
5.46
5.16166666666667
5.19166666666667
5.32333333333333
5.68833333333333
4.64
4.68666666666667
4.74833333333333
3.755
4.655
4.83333333333333
4.655
4.21666666666667
4.165
3.165
2.50666666666667
2.88166666666667
3.65166666666667
4.89166666666667
7.05833333333333
10.0466666666667
9.26
7.8
7.07833333333333
7.56833333333333
6.59666666666667
7.01333333333333
5.54333333333333
4.86833333333333
4.44833333333333
5.38
4.98666666666667
4.225
4.545
4.05666666666667
2.79833333333333
3.49833333333333
3.62666666666667
4.82
4.575
4.655
5.49166666666667
4.99
4.59333333333333
4.41166666666667
8.40166666666667
3.00833333333333
5.78333333333333
5.84333333333333
6.30333333333333
5.24
6.05833333333333
5.375
4.73666666666667
3.82833333333333
3.41833333333333
3.40166666666667
3.48166666666667
3.93
3.79
3.85833333333333
3.34333333333333
3.00833333333333
3.24166666666667
2.84833333333333
4.99333333333333
4.93
5.89666666666667
6.29833333333333
7.53666666666667
7.4
7.255
5.15
5.285
5.48333333333333
4.74
4.16
4.83
4.78666666666667
4.96833333333333
4.12166666666667
4.7
4.665
5.345
4.64666666666667
3.11
2.415
3.42
3.58333333333333
3.74666666666667
4.99666666666667
6.16
6.64833333333333
8.67
5.355