  -1.8618543e+002
  -1.9101847e+002
  -1.6708987e+002
  -1.4330047e+002
  -1.5418282e+002
  -1.5344669e+002
  -1.3918893e+002
  -1.4069712e+002
  -1.5005777e+002
  -1.5158586e+002
  -1.6584812e+002
  -1.6551238e+002
  -1.5459594e+002
  -1.3091181e+002
  -1.3337458e+002
  -1.5333981e+002
  -1.4176722e+002
  -1.3197117e+002
  -1.1489424e+002
  -1.2305290e+002
  -1.3392191e+002
  -1.3212872e+002
  -1.3634654e+002
  -1.1729138e+002
  -1.1100519e+002
  -9.3271926e+001
  -8.1274646e+001
  -8.2364544e+001
  -9.2770813e+001
  -8.9405697e+001
  -7.3742182e+001
  -6.5302616e+001
  -5.9726520e+001
  -6.5098612e+001
  -7.0199700e+001
  -8.4339695e+001
  -9.6963679e+001
  -8.7773341e+001
  -8.2502689e+001
  -7.9047055e+001
  -7.0248396e+001
  -7.0747321e+001
  -8.1844566e+001
  -7.6309760e+001
  -6.8043650e+001
  -6.3151020e+001
  -6.7347560e+001
  -7.1813942e+001
  -7.6237411e+001
  -7.2698730e+001
  -8.4022751e+001
  -9.8087390e+001
  -1.0352580e+002
  -8.2700274e+001
  -6.4048889e+001
  -5.5338155e+001
  -9.3342709e+001
  -1.0045408e+002
  -9.4542539e+001
  -9.0386184e+001
  -9.2088412e+001
  -9.5166168e+001
  -9.2112543e+001
  -9.5599416e+001
  -7.3236663e+001
  -6.1399825e+001
  -6.6288496e+001
  -6.0507738e+001
  -6.3655469e+001
  -7.6461729e+001
  -7.2017118e+001
  -5.9086235e+001
  -7.0633398e+001
  -6.7515208e+001
  -5.2152075e+001
  -4.1841784e+001
  -4.6968465e+001
  -4.3285774e+001
  -4.2312806e+001
  -3.6361692e+001
  -3.3977736e+001
  -3.9316535e+001
  -4.3890065e+001
  -3.5181110e+001
  -3.2996191e+001
  -2.5214356e+001
  -3.5789832e+001
  -2.8961811e+001
  -2.8172675e+001
  -2.5626747e+001
  -3.5365767e+001
  -3.0201982e+001
  -2.8916823e+001
  -2.6238320e+001
  -1.6715610e+001
  -1.0409742e+001
  -3.6514314e+001
  -2.7559124e+001
  -2.1876016e+001
   9.9631770e+000
  -2.1480743e+000
   8.2750057e+000
   1.4361759e+001
   3.2223849e+001
   1.8428754e+001
   2.3008546e+001
   1.7144308e+001
   1.8245760e+001
   3.5323017e+001
   4.9059113e+001
   4.5404084e+001
   3.9254982e+001
   5.0515964e+001
   5.9841300e+001
   5.8288126e+001
   4.4761574e+001
   4.0316661e+001
   6.1821290e+001
   7.9902579e+001
   8.5052959e+001
   6.2922155e+001
   5.4024075e+001
   7.3848373e+001
   8.4113308e+001
   9.4720318e+001
   7.6899749e+001
   7.5744454e+001
   8.1698200e+001
   1.0375387e+002
   1.1692718e+002
   1.1803762e+002
   1.1680425e+002
   1.2412480e+002
   1.1748321e+002
   1.2784169e+002
   1.2360828e+002
   1.3803490e+002
   1.3938017e+002
   1.5132492e+002
   1.5530909e+002
   1.4567592e+002
   1.2713894e+002
   1.4030050e+002
   1.4027441e+002
   1.3330813e+002
   1.3613122e+002
   1.4628293e+002
   1.3703091e+002
   1.4869612e+002
   1.4810363e+002
   1.3598453e+002
   1.2177218e+002
   1.4320105e+002
   1.5130799e+002
   1.5757850e+002
   1.3995377e+002
   1.2405394e+002
   1.1421170e+002
   1.2116751e+002
   1.0832113e+002
   1.0564044e+002
   1.1091838e+002
   1.2734251e+002
   1.4664245e+002
   1.6089375e+002
   1.4674430e+002
   1.6605697e+002
   1.6918193e+002
   1.6341239e+002
   1.4441569e+002
   1.5108714e+002
   1.3799064e+002
   1.3252634e+002
   1.0532119e+002
   1.0619574e+002
   9.1299394e+001
   9.5521656e+001
   8.0923605e+001
   9.8176045e+001
   7.8893220e+001
   9.3106606e+001
   8.9373308e+001
   8.7659178e+001
   5.3090730e+001
   7.0069882e+001
   7.4548361e+001
   8.2639896e+001
   4.6421072e+001
   4.0795581e+001
   3.2304124e+001
   2.5360083e+001
  -6.3258806e+000
  -3.3233504e+000
  -5.1997670e+000
   6.0852143e+000
  -4.8196370e+000
  -7.3386454e+000
  -4.6091781e+001
  -1.2869729e+001
  -5.8405915e+000
  -3.6467844e-001
  -3.1751866e+001
  -4.5317071e+001
  -5.1628941e+001
  -5.8312188e+001
  -7.5196995e+001
  -7.7313731e+001
  -7.6145324e+001
  -6.1937515e+001
  -7.4120009e+001
  -6.8165483e+001
  -1.0281050e+002
  -7.7289163e+001
  -7.7561718e+001
  -7.1946537e+001
  -1.0318046e+002
  -1.1206726e+002
  -1.1723015e+002
  -1.3428544e+002
  -1.5860958e+002
  -1.5705950e+002
  -1.3924131e+002
  -1.3762185e+002
  -1.5289991e+002
  -1.5666887e+002
  -1.7905155e+002
  -1.3850745e+002
  -1.2085248e+002
  -1.2162199e+002
  -1.4181254e+002
  -1.5538704e+002
  -1.4837557e+002
  -1.3916939e+002
  -1.3925459e+002
  -1.6170216e+002
  -1.6974629e+002
  -1.5066507e+002
  -1.3912224e+002
  -1.3210163e+002
  -1.3503042e+002
  -1.3767144e+002
  -1.4037166e+002
  -1.3663105e+002
  -1.2058112e+002
  -1.4139672e+002
  -1.4622770e+002
  -1.2660511e+002
  -1.2365722e+002
  -1.2705507e+002
  -1.1961407e+002
  -1.1135579e+002
  -1.0789811e+002
  -1.1326060e+002
  -1.0848011e+002
  -1.1028569e+002
  -1.1792688e+002
  -1.2971036e+002
  -1.3239553e+002
  -1.4729946e+002
  -1.5325449e+002
  -1.5963852e+002
  -1.6819256e+002
  -1.4951932e+002
  -1.5571112e+002
  -1.4040806e+002
  -1.6085963e+002
  -1.6115440e+002
  -1.5962553e+002
  -1.6354225e+002
  -1.8168321e+002
  -1.9656543e+002
  -1.9641608e+002
  -2.0289021e+002
  -1.9650628e+002
  -2.0755095e+002
  -2.2205036e+002
  -2.1336626e+002
  -2.2661298e+002
  -2.2162587e+002
  -2.3312441e+002
  -2.2446632e+002
  -2.3035243e+002
  -2.2381003e+002
  -2.2743381e+002
  -2.4072958e+002
  -2.4586257e+002
  -2.5406205e+002
  -2.6042253e+002
  -2.7175581e+002
  -2.7828724e+002
  -2.6908951e+002
  -2.7918362e+002
  -2.5731819e+002
  -2.6772101e+002
  -2.5255584e+002
  -2.6604482e+002
  -2.4775467e+002
  -2.4819397e+002
  -2.4791659e+002
  -2.6796587e+002
  -2.8691397e+002
  -2.8034067e+002
  -2.8669468e+002
  -2.9166681e+002
  -3.1361752e+002
  -3.2073137e+002
  -2.9552788e+002
  -3.0132334e+002
  -3.2808569e+002
  -3.2828497e+002
  -3.2210358e+002
  -3.1813582e+002
  -3.1853564e+002
  -3.2791814e+002
  -3.4524600e+002
  -3.3245918e+002
  -3.2912650e+002
  -3.1511819e+002
  -3.2510637e+002
  -3.2813881e+002
  -3.3056385e+002
  -3.2427213e+002
  -3.2444784e+002
  -3.0401387e+002
  -3.0289573e+002
  -2.9602126e+002
  -2.8826254e+002
  -2.8127732e+002
  -2.9522181e+002
  -2.7254207e+002
  -2.7062105e+002
  -2.6332481e+002
  -2.8213828e+002
  -2.7472281e+002
  -2.7675396e+002
  -2.6472434e+002
  -2.9167922e+002
  -2.7284524e+002
  -2.7817411e+002
  -2.7068903e+002
  -2.7767023e+002
  -2.9529064e+002
  -2.8776048e+002
  -2.6807135e+002
  -2.7845391e+002
  -2.9658835e+002
  -2.9805712e+002
  -2.8282313e+002
  -2.7937929e+002
  -3.0242811e+002
  -3.1096171e+002
  -3.0442624e+002
  -3.1078437e+002
  -3.1129991e+002
  -3.2412890e+002
  -3.1494775e+002
  -2.9550693e+002
  -2.7258388e+002
  -2.8795256e+002
  -2.8511248e+002
  -2.8841102e+002
  -2.7989518e+002
  -2.6258691e+002
  -2.6138145e+002
  -2.8255374e+002
  -2.8870859e+002
  -2.8377110e+002
  -2.6921604e+002
  -2.8090087e+002
  -2.8220516e+002
  -2.7422525e+002
  -2.6017618e+002
  -2.6174339e+002
  -2.6606104e+002
  -2.7649383e+002
  -2.8060781e+002
  -2.7052524e+002
  -2.5151789e+002
  -2.5418906e+002
  -2.6256330e+002
  -2.6248231e+002
  -2.6374672e+002
  -2.6677950e+002
  -2.7271762e+002
  -2.8458112e+002
  -2.7503754e+002
  -2.6682108e+002
  -2.4877303e+002
  -2.4720691e+002
  -2.7468728e+002
  -2.6832260e+002
  -2.4841093e+002
  -2.5187100e+002
  -2.6936025e+002
  -2.8240952e+002
  -2.7298984e+002
  -2.6190163e+002
  -2.3928529e+002
  -2.4810271e+002
  -2.6012253e+002
  -2.5749854e+002
  -2.4460058e+002
  -2.2079857e+002
  -2.4907136e+002
  -2.5695173e+002
  -2.4432367e+002
  -2.2775931e+002
  -2.3282006e+002
  -2.4337763e+002
  -2.4757160e+002
  -2.4397870e+002
  -2.1821542e+002
  -2.0026738e+002
  -1.9478716e+002
  -1.8168004e+002
  -1.7222214e+002
  -1.7005926e+002
  -1.7894423e+002
  -1.6175046e+002
  -1.6225571e+002
  -1.3820739e+002
  -1.2646622e+002
  -1.0285120e+002
  -1.1416009e+002
  -1.2311369e+002
  -1.2568255e+002
  -1.2703266e+002
  -1.1899606e+002
  -1.2996837e+002
  -1.3394798e+002
  -1.1017086e+002
  -1.1558317e+002
  -1.2498536e+002
  -1.4557281e+002
  -1.1781964e+002
  -1.1824294e+002
  -1.3192863e+002
  -1.5577643e+002
  -1.6753380e+002
  -1.5765294e+002
  -1.5640642e+002
  -1.4184648e+002
  -1.6652075e+002
  -1.6683645e+002
  -1.4369396e+002
  -1.5538376e+002
  -1.6600139e+002
  -1.6403557e+002
  -1.6201722e+002
  -1.7062793e+002
  -1.5308927e+002
  -1.4600363e+002
  -1.5409083e+002
  -1.6664621e+002
  -1.6860881e+002
  -1.7701943e+002
  -1.6809364e+002
  -1.6850638e+002
  -1.6678650e+002
  -1.5686151e+002
  -1.7611381e+002
  -1.7836938e+002
  -1.8615969e+002
  -1.7732176e+002
  -1.8948377e+002
  -1.8034389e+002
  -1.7372996e+002
  -1.7794347e+002
  -1.7632456e+002
  -1.8472953e+002
  -1.9275246e+002
  -1.9828269e+002
  -1.9992267e+002
  -1.9152350e+002
  -2.1353944e+002
  -2.0388111e+002
  -2.1862513e+002
  -1.9392730e+002
  -2.0834014e+002
  -1.9749798e+002
  -1.8297368e+002
  -1.8199007e+002
  -1.8444423e+002
  -1.9693674e+002
  -1.9377124e+002
  -1.9866617e+002
  -1.9170107e+002
  -1.9641720e+002
  -1.9234608e+002
  -1.8456956e+002
  -2.0719487e+002
  -2.0087003e+002
  -2.0579047e+002
  -1.9126330e+002
  -1.9251911e+002
  -1.7760468e+002
  -1.9933688e+002
  -2.0039230e+002
  -1.9358055e+002
  -1.9260170e+002
  -1.8909713e+002
  -1.9367598e+002
  -2.0923208e+002
  -2.1462084e+002
  -2.1584403e+002
  -2.0743475e+002
  -2.1434335e+002
  -2.1185606e+002
  -2.1910435e+002
  -2.3268113e+002
  -2.3775332e+002
  -2.2628147e+002
  -2.3002781e+002
  -2.3274095e+002
  -2.3189210e+002
  -2.1594958e+002
  -2.1585595e+002
  -2.1435272e+002
  -2.1249119e+002
  -2.2370472e+002
  -2.1751730e+002
  -2.1705956e+002
  -2.2320409e+002
  -2.2911889e+002
  -2.2986416e+002
  -2.4297092e+002
  -2.5789646e+002
  -2.4821347e+002
  -2.4722556e+002
  -2.2996371e+002
  -2.4522407e+002
  -2.5287105e+002
  -2.6072332e+002
  -2.5023562e+002
  -2.4413360e+002
  -2.4278709e+002
  -2.6103096e+002
  -2.6389112e+002
  -2.5778657e+002
  -2.5015292e+002
  -2.7446932e+002
  -2.7230461e+002
  -2.7112539e+002
  -2.5524216e+002
  -2.7097986e+002
  -2.6781619e+002
  -2.7461665e+002
  -2.6297861e+002
  -2.7365675e+002
  -2.8402719e+002
  -3.0183912e+002
  -2.9945275e+002
  -2.9574818e+002
  -2.9021653e+002
  -3.0839267e+002
  -2.9701822e+002
  -3.0395658e+002
  -2.9295083e+002
  -3.1449100e+002
  -3.0360990e+002
  -3.0638334e+002
  -3.1143093e+002
  -3.2113644e+002
  -3.3254364e+002
  -3.3646292e+002
  -3.3186285e+002
  -3.2864743e+002
  -3.4279870e+002
  -3.4784873e+002
  -3.3003510e+002
  -3.3044649e+002
  -3.3214496e+002
  -3.4565552e+002
  -3.4658264e+002
  -3.6738181e+002
  -3.4516775e+002
  -3.2472287e+002
  -3.2319241e+002
  -3.3717930e+002
  -3.4864294e+002
  -3.5718017e+002
  -3.5679782e+002
  -3.4663995e+002
  -3.3209632e+002
  -3.1375851e+002
  -3.0005009e+002
  -3.0058606e+002
  -2.9803361e+002
  -3.0290787e+002
  -3.0021439e+002
  -2.9445130e+002
  -2.8561507e+002
  -2.7757229e+002
  -2.8056276e+002
  -2.8187451e+002
  -2.9833781e+002
  -2.9448998e+002
  -2.8337678e+002
  -2.7623060e+002
  -2.7296494e+002
  -2.6837113e+002
  -2.7188554e+002
  -2.8138663e+002
  -2.5811686e+002
  -2.5230425e+002
  -2.5200456e+002
  -2.5312088e+002
  -2.6525388e+002
  -2.7361835e+002
  -2.7306668e+002
  -2.8087041e+002
  -2.8003044e+002
  -2.4960362e+002
  -2.2469449e+002
  -2.2016661e+002
  -2.3426094e+002
  -2.3838503e+002
  -2.2108127e+002
  -2.1910547e+002
  -2.1577482e+002
  -2.1243225e+002
  -2.1012677e+002
  -2.2314135e+002
  -2.3269095e+002
  -2.5073923e+002
  -2.5943264e+002
  -2.3084445e+002
  -2.4198578e+002
  -2.4271181e+002
  -2.5224233e+002
  -2.4542994e+002
  -2.2843621e+002
  -2.3980540e+002
  -2.5974902e+002
  -2.7679202e+002
  -2.6961115e+002
  -2.5915834e+002
  -2.5540792e+002
  -2.8449844e+002
  -2.9209605e+002
  -2.8937415e+002
  -2.7874731e+002
  -2.8889781e+002
  -2.9602778e+002
  -2.8894556e+002
  -2.7304794e+002
  -2.7707561e+002
  -2.7493351e+002
  -2.9472122e+002
  -2.9237039e+002
  -2.8807489e+002
  -2.6554962e+002
  -2.7663696e+002
  -2.6307948e+002
  -2.5973247e+002
  -2.6017019e+002
  -2.7415787e+002
  -2.5829628e+002
  -2.4337168e+002
  -2.2700137e+002
  -2.2345938e+002
  -2.2497084e+002
  -2.2592144e+002
  -2.0804439e+002
  -2.0764941e+002
  -1.9602336e+002
  -2.0972535e+002
  -2.0214373e+002
  -1.9864205e+002
  -1.8104345e+002
  -1.8922607e+002
  -1.6869806e+002
  -1.4101147e+002
  -1.1550367e+002
  -1.3461527e+002
  -1.4313071e+002
  -1.4715300e+002
  -1.3166339e+002
  -1.0783607e+002
  -8.7572950e+001
  -1.0076225e+002
  -1.1795555e+002
  -1.1770552e+002
  -9.5007702e+001
  -8.9842738e+001
  -8.5621719e+001
  -6.9285879e+001
  -4.7750646e+001
  -5.6974626e+001
  -4.6942034e+001
  -4.7507176e+001
  -3.5824376e+001
  -2.4781431e+001
  -3.6098920e+001
  -3.5714572e+001
  -3.3667748e+001
  -4.0172952e+001
  -5.6165299e+001
  -4.0307164e+001
  -1.9591440e+001
   8.0458949e+000
   4.5304841e+000
  -1.3332283e+001
  -2.3005357e+001
  -1.9729155e+001
  -7.7509090e+000
  -1.1495808e+001
  -5.5752627e+000
   5.1988242e+000
   2.4734765e+000
   9.3442920e+000
  -6.0071787e+000
   8.0668248e+000
   6.8775000e+000
   2.2551739e+001
   3.9669605e+001
   4.0846278e+001
   2.6003095e+001
   2.2398652e+001
   2.8032729e+001
   4.3317306e+001
   2.3043117e+001
   3.1703275e+001
   3.1829243e+001
   4.9039160e+001
   3.2667695e+001
   4.4975701e+001
   4.3539860e+001
   2.9300587e+001
   1.6749983e+001
   1.9847072e+001
   9.7733793e+000
   3.1275872e+000
   6.8061682e+000
   3.5331862e+000
   7.3235480e-001
   8.2590987e+000
  -6.5823027e-001
  -9.1531443e+000
   7.2540815e+000
   2.5291088e+001
   4.5260639e+001
   2.5954757e+001
   7.2062689e+000
  -7.1571414e+000
   2.0978486e+000
  -1.2950460e+001
  -1.1155261e+001
  -2.5193918e+001
  -5.4364952e+000
  -5.1608144e-001
   6.1435060e+000
  -1.6765741e+001
   1.7973749e+001
   2.4630003e+001
   3.2775770e+001
   1.6675310e+001
   2.7975145e+001
   7.2544512e+000
  -3.0489614e+000
  -2.4205539e+001
  -1.4780100e+001
  -3.3661751e+001
  -2.4850318e+001
  -9.1932151e+000
   7.2051319e+000
  -2.0411371e+001
  -1.9873859e+001
  -7.6862952e+000
   7.2469743e+000
  -1.4963169e+001
  -2.3976544e+001
  -4.1535702e+001
  -3.4044735e+001
  -5.2333903e+001
  -5.3205165e+001
  -6.2341645e+001
  -5.3329088e+001
  -3.8583208e+001
  -4.4686732e+001
  -6.5812727e+001
  -4.2771023e+001
  -3.4249468e+001
  -2.2628655e+001
  -4.4790651e+001
  -5.7672850e+001
  -6.6879722e+001
  -5.7808078e+001
  -6.5721948e+001
  -8.2477351e+001
  -8.8417777e+001
  -7.7320654e+001
  -6.0112239e+001
  -6.9330964e+001
  -8.9435586e+001
  -7.4601028e+001
  -5.4258805e+001
  -3.7949809e+001
  -5.9719593e+001
  -4.8595527e+001
  -5.1561415e+001
  -5.8470045e+001
  -6.0625247e+001
  -5.0296185e+001
  -3.9690302e+001
  -4.6390901e+001
  -4.5925831e+001
  -3.5884792e+001
  -6.0352434e+001
  -5.5273662e+001
  -4.7541532e+001
  -3.3968792e+001
  -4.5163459e+001
  -4.9522720e+001
  -4.8421509e+001
  -3.8527981e+001
  -4.7411440e+001
  -5.4194367e+001
  -6.0349264e+001
  -4.8195793e+001
  -2.7817884e+001
  -4.3965653e+000
  -1.9441808e+001
  -9.8226825e+000
  -2.3631946e+000
  -8.9500705e+000
  -2.7634324e+001
  -4.4831846e+000
  -3.0591337e+000
   1.1291149e+001
  -5.9426063e+000
   5.0454358e+000
  -7.7687707e+000
   7.9953497e+000
   3.3070569e+000
   1.2261940e+001
   1.2086551e+001
   1.6062242e+001
   1.5625121e+001
   2.0103891e+000
   7.4657291e+000
   3.7298915e+001
   3.6661727e+001
   1.4835405e+001
  -2.8483962e+000
   1.4908930e+000
  -3.7093261e+000
   4.8684704e+000
  -5.5253060e+000
   1.2201831e+001
   5.9380242e-001
   1.4299124e+001
   1.6403490e+001
   2.0949936e+001
  -3.6403440e+000
   3.1383434e+000
  -3.1605561e+000
  -4.4445705e+000
  -3.9497625e+000
  -1.1497413e+001
   1.3473939e+000
  -8.3946956e+000
  -5.6762490e+000
  -1.5156818e+001
  -4.8555169e+000
  -2.9642960e+000
  -2.0779829e+001
  -1.0343656e+001
  -6.2708766e+000
   2.4035329e+000
  -1.8000198e+001
  -8.5410984e+000
  -2.5204204e+001
  -3.5385776e+001
  -3.4675441e+001
  -5.8110802e+001
  -5.3557677e+001
  -4.0351490e+001
  -4.1692849e+001
  -5.2203424e+001
  -7.0750771e+001
  -6.2494191e+001
  -7.3106755e+001
  -6.3884061e+001
  -7.5635088e+001
  -5.8023571e+001
  -7.4424656e+001
  -7.7944249e+001
  -7.3034315e+001
  -6.7081729e+001
  -6.9394184e+001
  -7.0760170e+001
  -7.6650321e+001
  -6.9623689e+001
  -8.8667669e+001
  -9.1070168e+001
  -1.0177846e+002
  -7.6323303e+001
  -9.4463707e+001
  -8.6086317e+001
  -8.5053613e+001
  -6.2345575e+001
  -9.7364929e+001
  -1.0251787e+002
  -1.0896962e+002
  -9.5917333e+001
  -1.1533020e+002
  -1.3187433e+002
  -1.4934494e+002
  -1.3001073e+002
  -1.3700826e+002
  -1.3365537e+002
  -1.4262821e+002
  -1.2351818e+002
  -1.1954016e+002
  -1.1370314e+002
  -1.2780784e+002
  -1.1697315e+002
  -1.1109874e+002
  -1.0217864e+002
  -1.0474391e+002
  -1.0254899e+002
  -1.2410429e+002
  -1.2820031e+002
  -1.3889379e+002
  -1.1681712e+002
  -1.2631439e+002
  -1.2176583e+002
  -1.1786741e+002
  -1.2605670e+002
  -1.2662002e+002
  -1.2029623e+002
  -1.2291866e+002
  -1.2813548e+002
  -1.3115094e+002
  -1.2578869e+002
  -1.3580935e+002
  -1.2624077e+002
  -1.4590836e+002
  -1.2203669e+002
  -1.2932898e+002
  -1.0546601e+002
  -1.1104835e+002
  -1.0640626e+002
  -1.1250028e+002
  -1.1996923e+002
  -1.5077673e+002
  -1.4307327e+002
  -1.3286905e+002
  -1.3293197e+002
  -1.4625809e+002
  -1.3558016e+002
  -1.4202386e+002
  -1.4615029e+002
  -1.6121558e+002
  -1.6745369e+002
  -1.6505608e+002
  -1.4542684e+002
  -1.5934122e+002
  -1.6347100e+002
  -1.7555257e+002
  -1.6377990e+002
  -1.6881878e+002
  -1.7598988e+002
  -1.7529527e+002
  -1.8013769e+002
  -1.8606201e+002
  -1.9049497e+002
  -1.9223918e+002
  -2.0955127e+002
  -2.0446301e+002
  -1.9562527e+002
  -1.9568700e+002
  -1.8357744e+002
  -1.9036636e+002
  -1.8078985e+002
  -1.9374143e+002
  -1.8381319e+002
  -1.8341489e+002
  -1.8970890e+002
  -2.1405287e+002
  -2.0922452e+002
  -2.0135239e+002
  -2.2851575e+002
  -2.2444310e+002
  -2.2848502e+002
  -2.2749578e+002
  -2.2570172e+002
  -2.2906753e+002
  -2.4292808e+002
  -2.3080591e+002
  -2.2944797e+002
  -2.1075750e+002
  -2.2956213e+002
  -2.2483399e+002
  -2.2106879e+002
  -2.0655081e+002
  -2.3410227e+002
  -2.2199825e+002
  -2.3262876e+002
  -2.3697342e+002
  -2.4125370e+002
  -2.4407012e+002
  -2.5759520e+002
  -2.5327796e+002
  -2.4839320e+002
  -2.4466127e+002
  -2.5211599e+002
  -2.4331549e+002
  -2.5248622e+002
  -2.4960521e+002
  -2.6587443e+002
  -2.6025830e+002
  -2.7865784e+002
  -2.5873805e+002
  -2.6389445e+002
  -2.7385654e+002
  -2.8003947e+002
  -2.6781225e+002
  -2.7089232e+002
  -2.7397253e+002
  -2.6991484e+002
  -2.6501880e+002
  -2.8024881e+002
  -2.8417128e+002
  -3.0737641e+002
  -2.9343386e+002
  -3.1275316e+002
  -3.0848175e+002
  -3.1440623e+002
  -3.1277747e+002
  -3.1813773e+002
  -3.1169645e+002
  -3.1617365e+002
  -3.1415953e+002
  -3.1391343e+002
  -3.1164178e+002
  -3.1185859e+002
  -3.1031852e+002
  -3.3485588e+002
  -3.2640712e+002
  -3.4934758e+002
  -3.3237637e+002
  -3.5251258e+002
  -3.4836776e+002
  -3.4755818e+002
  -3.3473183e+002
  -3.4489666e+002
  -3.4896237e+002
  -3.6019559e+002
  -3.4713644e+002
  -3.5191393e+002
  -3.5234906e+002
  -3.6276382e+002
  -3.4457026e+002
  -3.6581304e+002
  -3.5077478e+002
  -3.6964903e+002
  -3.4982111e+002
  -3.5476687e+002
  -3.6160539e+002
  -3.7652843e+002
  -3.7667883e+002
  -3.7962833e+002
  -3.8904602e+002
  -3.9052767e+002
  -3.7781257e+002
  -3.8558197e+002
  -3.8581182e+002
  -4.0254786e+002
  -4.1230409e+002
  -4.3760200e+002
  -4.1840770e+002
  -4.2291685e+002
  -4.1167676e+002
  -4.2681966e+002
  -4.4087747e+002
  -4.4029891e+002
  -4.3673187e+002
  -4.4203334e+002
  -4.3937621e+002
  -4.4477774e+002
  -4.3771428e+002
  -4.4338928e+002
  -4.2950371e+002
  -4.6385037e+002
  -4.4513866e+002
  -4.3261090e+002
  -4.2301383e+002
  -4.5423263e+002
  -4.6222140e+002
  -4.6844037e+002
  -4.8253054e+002
  -4.9075260e+002
  -4.9680191e+002
  -4.8313903e+002
  -4.6171390e+002
  -4.7055594e+002
  -4.8494148e+002
  -5.1101014e+002
  -4.8425935e+002
  -4.6607481e+002
  -4.6876874e+002
  -4.9585268e+002
  -5.0447953e+002
  -5.0690501e+002
  -5.0788510e+002
  -5.2091258e+002
  -5.3316834e+002
  -5.1568419e+002
  -5.0560794e+002
  -5.0422570e+002
  -5.1383194e+002
  -5.4481499e+002
  -5.3910290e+002
  -5.2953207e+002
  -5.3720530e+002
  -5.5017395e+002
  -5.6406081e+002
  -5.7152392e+002
  -5.7970186e+002
  -5.7770623e+002
  -5.8757602e+002
  -5.7414994e+002
  -5.5884254e+002
  -5.5271190e+002
  -5.6252815e+002
  -5.6978257e+002
  -5.6370245e+002
  -5.6573136e+002
  -5.6618729e+002
  -5.7595935e+002
  -5.8105794e+002
  -5.8634179e+002
  -5.9356786e+002
  -5.9672413e+002
  -6.1484057e+002
  -5.9232000e+002
  -5.7100149e+002
  -5.6981587e+002
  -6.0793810e+002
  -6.0571010e+002
  -6.0098426e+002
  -5.8638306e+002
  -5.7409387e+002
  -5.6979081e+002
  -5.9544672e+002
  -5.9996096e+002
  -5.8483499e+002
  -5.5672550e+002
  -5.5502883e+002
  -5.4518697e+002
  -5.4902318e+002
  -5.5436582e+002
  -5.5628935e+002
  -5.2844747e+002
  -5.1790743e+002
  -4.8745354e+002
  -4.7597579e+002
  -4.9241239e+002
  -4.9650886e+002
  -4.9645274e+002
  -4.9492729e+002
  -4.8843122e+002
  -4.7818257e+002
  -4.6847082e+002
  -4.8195663e+002
  -4.9275883e+002
  -4.9720429e+002
  -4.8661900e+002
  -4.8702432e+002
  -4.8236168e+002
  -4.6460893e+002
  -4.4274681e+002
  -4.4947283e+002
  -4.4805895e+002
  -4.6846148e+002
  -4.5857979e+002
  -4.2805991e+002
  -4.1945154e+002
  -4.1489623e+002
  -4.2810965e+002
  -4.3603319e+002
  -4.4568185e+002
  -4.3608023e+002
  -4.3741093e+002
  -4.3179979e+002
  -4.1919940e+002
  -4.1524547e+002
  -4.0081912e+002
  -4.1268423e+002
  -4.1652161e+002
  -4.1940895e+002
  -4.2852449e+002
  -4.1869159e+002
  -4.3972507e+002
  -4.3872255e+002
  -4.4716560e+002
  -4.3949303e+002
  -4.5080970e+002
  -4.4368541e+002
  -4.3953344e+002
  -4.3526070e+002
  -4.3780738e+002
  -4.4467863e+002
  -4.4956479e+002
  -4.4093308e+002
  -4.5043922e+002
  -4.5085501e+002
  -4.6830629e+002
  -4.4192813e+002
  -4.5858127e+002
  -4.4336685e+002
  -4.5407607e+002
  -4.4709433e+002
  -4.4979444e+002
  -4.5953918e+002
  -4.8534041e+002
  -4.7149673e+002
  -4.7167061e+002
  -4.7400963e+002
  -4.8386552e+002
  -4.7924945e+002
  -4.8752192e+002
  -4.8591312e+002
  -5.0357760e+002
  -5.0926659e+002
  -5.1375506e+002
  -4.9511929e+002
  -4.9009931e+002
  -5.0119304e+002
  -5.1590506e+002
  -5.1534433e+002
  -5.2864035e+002
  -5.3240980e+002
  -5.1514123e+002
  -5.1288606e+002
  -5.2946645e+002
  -5.2361277e+002
  -5.1526870e+002
  -5.0063057e+002
  -5.0892875e+002
  -5.1210514e+002
  -5.2816448e+002
  -5.1945487e+002
  -5.1742990e+002
  -5.1353606e+002
  -5.0920423e+002
  -5.1845474e+002
  -5.2073962e+002
  -5.2195882e+002
  -5.1138219e+002
  -5.2005233e+002
  -5.1363017e+002
  -5.0350608e+002
  -4.9611144e+002
  -4.8387787e+002
  -4.9755747e+002
  -5.1885843e+002
  -5.2758525e+002
  -5.1706091e+002
  -5.0801741e+002
  -5.0713858e+002
  -5.1155630e+002
  -5.1889344e+002
  -5.0962406e+002
  -4.9684948e+002
  -4.9475722e+002
  -5.0561153e+002
  -5.1184675e+002
  -5.1620380e+002
  -5.0757050e+002
  -4.9830884e+002
  -5.2489107e+002
  -5.3606672e+002
  -5.2118373e+002
  -5.0142155e+002
  -5.0227159e+002
  -5.1225147e+002
  -5.0523176e+002
  -4.9017808e+002
  -4.9431065e+002
  -4.9762410e+002
  -5.0109972e+002
  -4.8971679e+002
  -4.8369036e+002
  -4.7111788e+002
  -4.9699640e+002
  -4.9639106e+002
  -4.8893714e+002
  -4.8138886e+002
  -4.9241616e+002
  -4.7720937e+002
  -4.8713899e+002
  -4.9354492e+002
  -4.8443152e+002
  -4.7287528e+002
  -4.7708392e+002
  -4.7816772e+002
  -4.8879807e+002
  -4.8470314e+002
  -4.7777632e+002
  -4.6644297e+002
  -4.7595847e+002
  -4.6158619e+002
  -4.5249893e+002
  -4.4164196e+002
  -4.5087029e+002
  -4.4626828e+002
  -4.4615698e+002
  -4.5677570e+002
  -4.6831113e+002
  -4.6702833e+002
  -4.5012821e+002
  -4.5571407e+002
  -4.7233339e+002
  -4.7533435e+002
  -4.7628501e+002
  -4.5573044e+002
  -4.4246442e+002
  -4.2282575e+002
  -4.4614781e+002
  -4.4863695e+002
  -4.4853248e+002
  -4.4072158e+002
  -4.5037749e+002
  -4.6186469e+002
  -4.6320657e+002
  -4.5595023e+002
  -4.4418257e+002
  -4.5611094e+002
  -4.7476257e+002
  -4.6193373e+002
  -4.5111570e+002
  -4.4076786e+002
  -4.5534767e+002
  -4.5717782e+002
  -4.6521205e+002
  -4.5699405e+002
  -4.4826892e+002
  -4.5041959e+002
  -4.7249209e+002
  -4.6302853e+002
  -4.3295617e+002
  -4.2261489e+002
  -4.4070354e+002
  -4.3601712e+002
  -4.4690070e+002
  -4.3148811e+002
  -4.2933550e+002
  -4.2100174e+002
  -4.3272088e+002
  -4.3520064e+002
  -4.2960198e+002
  -4.1983164e+002
  -4.3524673e+002
  -4.2806042e+002
  -3.9807726e+002
  -3.8617875e+002
  -3.9755712e+002
  -4.1036639e+002
  -4.3341705e+002
  -4.2364492e+002
  -4.2893341e+002
  -4.2313750e+002
  -4.2918071e+002
  -4.2240912e+002
  -4.1769905e+002
  -4.1560310e+002
  -4.3732113e+002
  -4.2067497e+002
  -4.0368792e+002
  -3.9161515e+002
  -3.9147612e+002
  -3.9443547e+002
  -4.2230726e+002
  -4.1812947e+002
  -4.2039414e+002
  -4.0947349e+002
  -4.2499582e+002
  -4.1675822e+002
  -4.0309931e+002
  -3.8451288e+002
  -3.9911879e+002
  -3.9501559e+002
  -3.8729519e+002
  -3.6379220e+002
  -3.6351278e+002
  -3.6206761e+002
  -3.7936651e+002
  -3.7521873e+002
  -3.8156568e+002
  -3.5169161e+002
  -3.4670059e+002
  -3.4744810e+002
  -3.4452927e+002
  -3.4292431e+002
  -3.3940202e+002
  -3.3742182e+002
  -3.2840213e+002
  -3.1424543e+002
  -2.9748321e+002
  -2.8228442e+002
  -3.0021678e+002
  -3.0616025e+002
  -3.0340996e+002
  -2.8705105e+002
  -2.9593923e+002
  -2.9056629e+002
  -2.8972217e+002
  -2.7863375e+002
  -2.8063256e+002
  -2.7443705e+002
  -2.5681928e+002
  -2.4644144e+002
  -2.4633721e+002
  -2.5976595e+002
  -2.6552875e+002
  -2.6149465e+002
  -2.7540946e+002
  -2.6830108e+002
  -2.8339535e+002
  -2.6149716e+002
  -2.5686527e+002
  -2.5702182e+002
  -2.9129558e+002
  -2.6990533e+002
  -2.5828920e+002
  -2.5001529e+002
  -2.6170042e+002
  -2.6136548e+002
  -2.6696236e+002
  -2.7994056e+002
  -2.7351345e+002
  -2.7624217e+002
  -2.8221861e+002
  -2.6539672e+002
  -2.6011579e+002
  -2.4385901e+002
  -2.5838464e+002
  -2.5578075e+002
  -2.3920330e+002
  -2.2467721e+002
  -2.3582171e+002
  -2.3353009e+002
  -2.4993419e+002
  -2.4499236e+002
  -2.3941531e+002
  -2.3794366e+002
  -2.2313981e+002
  -2.0468033e+002
  -1.8148005e+002
  -1.8036541e+002
  -1.9221586e+002
  -1.8105628e+002
  -1.7503896e+002
  -1.6170935e+002
  -1.6667333e+002
  -1.5516877e+002
  -1.5484418e+002
  -1.4794772e+002
  -1.4304473e+002
  -1.4090645e+002
  -1.2302894e+002
  -1.1016596e+002
  -1.1521991e+002
  -1.2518574e+002
  -1.1938244e+002
  -1.1403682e+002
  -1.1234550e+002
  -1.3448891e+002
  -1.3091834e+002
  -1.1595078e+002
  -1.2159057e+002
  -1.4185666e+002
  -1.4757736e+002
  -1.3787396e+002
  -1.0684563e+002
  -9.7715811e+001
  -9.9755171e+001
  -1.1585329e+002
  -9.9321065e+001
  -9.6704053e+001
  -1.0526751e+002
  -1.1965874e+002
  -1.2901964e+002
  -1.2001037e+002
  -1.1480419e+002
  -1.0047907e+002
  -1.2271319e+002
  -1.2316511e+002
  -8.5803577e+001
  -9.4063300e+001
  -1.0072821e+002
  -9.2819544e+001
  -7.1022249e+001
  -6.2446499e+001
  -7.2624170e+001
  -7.5703838e+001
  -8.7019581e+001
  -7.7182384e+001
  -7.8089555e+001
  -6.4369970e+001
  -6.3886126e+001
  -7.3707376e+001
  -7.7744480e+001
  -8.6237491e+001
  -6.3214243e+001
  -6.2092807e+001
  -4.8991259e+001
  -4.4425424e+001
  -3.7908810e+001
  -4.4356980e+001
  -5.0098895e+001
  -3.9216887e+001
  -3.4601883e+001
  -5.4187434e+001
  -5.5964129e+001
  -6.9557688e+001
  -6.5610829e+001
  -7.6513759e+001
  -6.8033310e+001
  -9.0199585e+001
  -7.3433683e+001
  -5.0638253e+001
  -5.4558380e+001
  -9.1834870e+001
  -7.9477552e+001
  -7.7811565e+001
  -6.4649306e+001
  -7.9890143e+001
  -8.4921524e+001
  -9.8329063e+001
  -1.1108710e+002
  -1.0362273e+002
  -1.0194628e+002
  -1.1261240e+002
  -1.0653423e+002
  -9.5791426e+001
  -8.5406767e+001
  -8.3731885e+001
  -8.3468816e+001
  -7.4501602e+001
  -6.3464438e+001
  -6.8024855e+001
  -5.5339921e+001
  -6.0208123e+001
  -8.0886227e+001
  -8.2749369e+001
  -8.9906681e+001
  -8.3466519e+001
  -9.2873895e+001
  -9.5799744e+001
  -8.7270932e+001
  -8.0297246e+001
  -7.4488397e+001
  -7.3338127e+001
  -6.3922125e+001
  -4.5623057e+001
  -3.8746498e+001
  -3.5629329e+001
  -4.3506171e+001
  -5.0410714e+001
  -6.9757926e+001
  -7.0928663e+001
  -7.8320199e+001
  -7.3134693e+001
  -8.3703880e+001
  -8.9234072e+001
  -8.7992594e+001
  -8.5173513e+001
  -9.8140642e+001
  -8.6488150e+001
  -8.1338047e+001
  -7.7384804e+001
  -7.9824935e+001
  -7.2660872e+001
  -8.1538768e+001
  -6.3843937e+001
  -5.2310900e+001
  -4.0243843e+001
  -5.3817672e+001
  -5.1245959e+001
  -5.6675462e+001
  -4.0342867e+001
  -8.4271810e+001
  -6.7995127e+001
  -5.4411156e+001
  -2.5043925e+001
  -3.4943367e+001
  -3.9556231e+001
  -5.8156704e+001
  -4.4188458e+001
  -4.9271230e+001
  -5.9517944e+001
  -7.1760650e+001
  -4.4883032e+001
  -2.5457774e+001
  -1.0064445e+001
  -3.6265884e+001
  -4.4688403e+001
  -2.6127223e+001
  -6.4057632e+000
  -9.9080487e+000
  -4.3033443e+001
  -5.3468241e+001
  -2.8916757e+001
  -2.0689951e+001
  -1.8959492e+001
  -3.1570628e+001
  -1.1687330e+001
   5.5305518e+000
  -2.8129911e+000
  -1.3955405e+001
   1.0507080e+000
   2.2008580e+001
   2.6836685e+001
   1.1088093e+001
   2.0011047e+001
   2.7285599e+001
   2.1382852e+001
   6.4317928e+000
   5.6371514e+000
   2.0680849e+001
   3.3840219e+001
   4.3918073e+001
   3.3810153e+001
   3.0938678e+001
   4.9948296e+001
   5.8975640e+001
   7.9207306e+001
   5.9831663e+001
   6.2529790e+001
   6.6872065e+001
   7.4466896e+001
   5.5001609e+001
   5.7712876e+001
   5.1281503e+001
   4.4998583e+001
   5.6144669e+001
   6.6423681e+001
   6.6824755e+001
   6.4645012e+001
   7.7179175e+001
   8.7067456e+001
   7.7172441e+001
   7.7203272e+001
   6.8968168e+001
   7.0462206e+001
   6.6575609e+001
   7.5477247e+001
   6.3699533e+001
   6.4564927e+001
   6.4816383e+001
   6.9828373e+001
   3.3943315e+001
   4.5619012e+001
   7.4341290e+001
   1.0934297e+002
   8.3896788e+001
   5.7253363e+001
   4.3212224e+001
   4.6807917e+001
   3.8817768e+001
   3.0811200e+001
   1.8577119e+001
   3.7920608e+001
   3.8182457e+001
   4.3916428e+001
   3.0818506e+001
   3.7927998e+001
   5.5493062e+001
   7.3235656e+001
   8.0719287e+001
   8.5643186e+001
   7.4061245e+001
   5.4586551e+001
   5.1838260e+001
   6.4531404e+001
   6.1426457e+001
   6.3697494e+001
   6.9950027e+001
   6.9202520e+001
   7.2287225e+001
   8.2395817e+001
   9.2986302e+001
   9.6095244e+001
   1.0310769e+002
   1.0154962e+002
   1.0232287e+002
   9.0885437e+001
   8.0878935e+001
   7.1088348e+001
   7.4435107e+001
   8.1844413e+001
   8.4180435e+001
   7.7716509e+001
   6.2973057e+001
   5.8836785e+001
   6.7855835e+001
   6.0928705e+001
   5.6951824e+001
   6.3885219e+001
   6.1432587e+001
   5.3733546e+001
   5.4062025e+001
   5.4122231e+001
   4.8776862e+001
   5.6404504e+001
   5.6347597e+001
   5.7961495e+001
   6.2761390e+001
   5.7442680e+001
   4.5318126e+001
   5.5086537e+001
   5.3584806e+001
   5.2162234e+001
   4.9794619e+001
   4.6101120e+001
   4.3381084e+001
   5.1020278e+001
   5.5854685e+001
   5.8489290e+001
   6.9884288e+001
   8.1015314e+001
   8.3785361e+001
   9.6184125e+001
   1.0710281e+002
   1.1099378e+002
   9.3674066e+001
   9.1524273e+001
   9.2591462e+001
   1.0679992e+002
   8.0966185e+001
   7.3448757e+001
   7.0370671e+001
   7.6544462e+001
   6.3314148e+001
   5.2475702e+001
   4.7281435e+001
   7.5267029e+001
   7.7054368e+001
   6.1753673e+001
   4.4015121e+001
   5.3886084e+001
   7.3974461e+001
   9.1705719e+001
   8.5213975e+001
   7.3096938e+001
   6.6794097e+001
   7.6292273e+001
   8.7325037e+001
   8.3577865e+001
   6.7204484e+001
   8.0000190e+001
   9.4084093e+001
   1.0596637e+002
   9.9937495e+001
   9.0042325e+001
   9.5057880e+001
   1.1110061e+002
   1.1502933e+002
   9.8833636e+001
   7.6114877e+001
   8.2235378e+001
   1.0655872e+002
   1.2257241e+002
   1.1132289e+002
   9.2892091e+001
   9.9181413e+001
   1.2850885e+002
   1.3993255e+002
   1.3951953e+002
   1.2198159e+002
   1.2433798e+002
   1.3164859e+002
   1.3489931e+002
   1.2757019e+002
   1.2816429e+002
   1.4753464e+002
   1.6868876e+002
   1.6462600e+002
   1.4539234e+002
   1.4710440e+002
   1.7271805e+002
   1.9376801e+002
   1.9557731e+002
   1.9162646e+002
   1.9164398e+002
   1.8503971e+002
   1.8958536e+002
   1.8618127e+002
   1.9095244e+002
   2.0491832e+002
   2.0182751e+002
   2.0637482e+002
   1.9806834e+002
   1.9893578e+002
   2.1418409e+002
   2.1472927e+002
   2.2071395e+002
   2.1516157e+002
   2.0751054e+002
   2.0347248e+002
   2.1300525e+002
   1.9857739e+002
   2.1237225e+002
   2.4152881e+002
   2.3900165e+002
   2.3905965e+002
   2.3131583e+002
   2.2671641e+002
   2.3429970e+002
   2.2939873e+002
   2.1744282e+002
   2.0659980e+002
   2.2014621e+002
   2.0483320e+002
   2.1160274e+002
   1.9309911e+002
   1.9008900e+002
   1.9724216e+002
   2.0892124e+002
   1.9024014e+002
   1.9256082e+002
   2.0201456e+002
   2.0508814e+002
   2.1085399e+002
   2.0963359e+002
   1.9474092e+002
   2.0050649e+002
   1.9255029e+002
   1.9910482e+002
   1.8636316e+002
   2.0094812e+002
   1.9448557e+002
   2.1307255e+002
   2.1091211e+002
   2.1745458e+002
   2.2247338e+002
   2.3381418e+002
   2.1729513e+002
   2.1291198e+002
   1.9990670e+002
   1.9687752e+002
   1.8580678e+002
   1.8155230e+002
   1.7164468e+002
   1.8607022e+002
   1.6938859e+002
   1.8172957e+002
   1.5666230e+002
   1.7046885e+002
   1.5659665e+002
   1.5966204e+002
   1.4270491e+002
   1.5041380e+002
   1.3091487e+002
   1.2004354e+002
   1.1392266e+002
   1.1878156e+002
   1.0914851e+002
   9.3417833e+001
   9.1092967e+001
   9.2900214e+001
   6.5116905e+001
   8.0198797e+001
   7.7018071e+001
   9.1392353e+001
   6.6109027e+001
   5.6696269e+001
   4.8516942e+001
   4.4879865e+001
   3.4327317e+001
   3.0776865e+001
   2.8107768e+001
   3.6421946e+001
   3.8267145e+001
   2.5230403e+001
  -6.5813539e+000
   1.5483490e+001
   1.8019395e+001
   1.4047859e+001
  -6.0695981e+000
   3.0322980e-001
  -1.1231560e+000
   3.9679572e+000
  -1.6852664e+001
  -1.8456995e+001
  -2.3073758e+001
  -2.4874661e+001
  -4.0338308e+001
  -4.5038591e+001
  -4.9655738e+001
  -5.3925841e+001
  -5.9946859e+001
  -5.9716279e+001
  -6.5138370e+001
  -4.5804335e+001
  -5.2348061e+001
  -4.5255700e+001
  -5.0517143e+001
  -3.8491092e+001
  -3.4469931e+001
  -2.8013180e+001
  -5.3885813e+001
  -6.0950346e+001
  -6.1338640e+001
  -6.6813841e+001
  -6.9068911e+001
  -7.2931564e+001
  -6.9917392e+001
  -6.2798475e+001
  -6.5297419e+001
  -5.4660545e+001
  -6.4455790e+001
  -4.1822785e+001
  -2.6106725e+001
  -3.5910148e+001
  -5.7467096e+001
  -6.6997757e+001
  -7.3829595e+001
  -8.2313398e+001
  -6.5673760e+001
  -6.3195637e+001
  -5.7095117e+001
  -7.3851209e+001
  -6.5157403e+001
  -6.7025468e+001
  -4.8275612e+001
  -4.2172937e+001
  -4.4664311e+001
  -4.6555626e+001
  -6.2257490e+001
  -6.6928834e+001
  -8.1496111e+001
  -5.6160538e+001
  -4.4698362e+001
  -5.7654126e+001
  -5.8670184e+001
  -8.5226866e+001
  -7.5596313e+001
  -8.4480393e+001
  -8.4095869e+001
  -9.1510746e+001
  -7.1449511e+001
  -5.4026568e+001
  -4.2842854e+001
  -4.2152945e+001
  -4.8517920e+001
  -4.1960722e+001
  -2.7701488e+001
  -3.1177744e+001
  -4.1797157e+001
  -5.4876271e+001
  -4.9064566e+001
  -6.6998145e+001
  -5.8826814e+001
  -7.4655360e+001
  -5.6741930e+001
  -7.5555138e+001
  -8.6999038e+001
  -8.7681744e+001
  -9.7701838e+001
  -1.0398726e+002
  -1.0194892e+002
  -7.6737089e+001
  -6.3352231e+001
  -6.5054041e+001
  -7.7619379e+001
  -6.9272597e+001
  -6.2388214e+001
  -7.4224375e+001
  -7.6266062e+001
  -9.8887101e+001
  -1.1138607e+002
  -1.1648861e+002
  -1.2419503e+002
  -1.4087828e+002
  -1.4811615e+002
  -1.2864646e+002
  -1.2506873e+002
  -1.4399654e+002
  -1.5565076e+002
  -1.5730478e+002
  -1.5331773e+002
  -1.5789585e+002
  -1.5904292e+002
  -1.9009764e+002
  -1.9063694e+002
  -1.8772862e+002
  -1.8218680e+002
  -1.8524998e+002
  -1.7802826e+002
  -1.7837554e+002
  -1.7011206e+002
  -1.6319253e+002
  -1.4112677e+002
  -1.3035718e+002
  -1.2028313e+002
  -1.3166183e+002
  -1.3481418e+002
  -1.5801330e+002
  -1.4446051e+002
  -1.3876399e+002
  -1.3266728e+002
  -1.5783222e+002
  -1.5743958e+002
  -1.5442036e+002
  -1.3452603e+002
  -1.4741420e+002
  -1.4193600e+002
  -1.5101699e+002
  -1.3368059e+002
  -1.3198063e+002
  -1.2968071e+002
  -1.5843876e+002
  -1.6559650e+002
  -1.7495251e+002
  -1.7034053e+002
  -1.9005106e+002
  -1.9189357e+002
  -1.9205337e+002
  -1.8370926e+002
  -1.8833979e+002
  -1.9445537e+002
  -2.1173772e+002
  -1.8487677e+002
  -1.7279852e+002
  -1.7208018e+002
  -1.7733415e+002
  -1.7154280e+002
  -1.6520533e+002
  -1.6437549e+002
  -1.5979665e+002
  -1.8106328e+002
  -1.9792000e+002
  -1.7971687e+002
  -1.7006568e+002
  -1.5787604e+002
  -1.8489365e+002
  -1.9435362e+002
  -1.9462636e+002
  -1.6493211e+002
  -1.5650656e+002
  -1.4792517e+002
  -1.5345620e+002
  -1.5557301e+002
  -1.5010256e+002
  -1.2331130e+002
  -1.2136910e+002
  -1.1235286e+002
  -1.1032693e+002
  -1.0197137e+002
  -1.0383599e+002
  -9.3660696e+001
  -9.6140276e+001
  -7.0750433e+001
  -6.6107574e+001
  -6.6997375e+001
  -7.4258314e+001
  -6.2722014e+001
  -7.0046899e+001
  -6.6645368e+001
  -7.6821503e+001
  -6.8092985e+001
  -7.5177381e+001
  -6.3437767e+001
  -6.9507325e+001
  -5.7194432e+001
  -8.2445079e+001
  -7.0576192e+001
  -8.3366572e+001
  -6.8097014e+001
  -9.0712468e+001
  -8.6332577e+001
  -8.3692876e+001
  -8.2663812e+001
  -9.6610892e+001
  -1.0461979e+002
  -1.0822557e+002
  -1.0634527e+002
  -1.1772444e+002
  -1.1058078e+002
  -1.3302169e+002
  -1.1460421e+002
  -1.3261786e+002
  -1.1872979e+002
  -1.4791939e+002
  -1.3503232e+002
  -1.4257209e+002
  -1.5283046e+002
  -1.6341477e+002
  -1.7402555e+002
  -1.6963423e+002
  -1.7070078e+002
  -1.7596655e+002
  -1.7299237e+002
  -1.8303455e+002
  -1.7143179e+002
  -1.8493853e+002
  -1.8391598e+002
  -2.1080916e+002
  -1.9891861e+002
  -2.0540749e+002
  -1.9569986e+002
  -2.0404377e+002
  -2.1724514e+002
  -2.1440072e+002
  -2.0876257e+002
  -2.1683053e+002
  -2.4011375e+002
  -2.4255615e+002
  -2.1282230e+002
  -2.1736704e+002
  -2.1741905e+002
  -2.4105524e+002
  -2.3986988e+002
  -2.5680686e+002
  -2.4519572e+002
  -2.4810572e+002
  -2.5242631e+002
  -2.6433567e+002
  -2.6642973e+002
  -2.5387319e+002
  -2.6316745e+002
  -2.7462592e+002
  -2.6884874e+002
  -2.7386022e+002
  -2.6142562e+002
  -2.7327020e+002
  -2.7598783e+002
  -2.8731919e+002
  -2.6624448e+002
  -2.5541023e+002
  -2.5958013e+002
  -2.7748350e+002
  -2.8219120e+002
  -2.7841635e+002
  -2.7255644e+002
  -2.8805469e+002
  -2.9542101e+002
  -2.8636473e+002
  -2.7469968e+002
  -2.7143861e+002
  -2.7418487e+002
  -2.9366461e+002
  -2.9364495e+002
  -2.9818791e+002
  -2.8107799e+002
  -2.8458513e+002
  -2.7603047e+002
  -2.8481536e+002
  -2.8524695e+002
  -2.7509821e+002
  -2.5589484e+002
  -2.5556891e+002
  -2.4763325e+002
  -2.4648241e+002
  -2.4347599e+002
  -2.5034406e+002
  -2.3436688e+002
  -2.3875610e+002
  -2.1946080e+002
  -2.3328865e+002
  -2.2714334e+002
  -2.3232503e+002
  -2.0432505e+002
  -2.1955058e+002
  -2.1840703e+002
  -2.2634097e+002
  -2.1137085e+002
  -2.2233862e+002
  -2.3319994e+002
  -2.3834346e+002
  -2.1055908e+002
  -2.1613093e+002
  -2.4764391e+002
  -2.5538986e+002
  -2.3612589e+002
  -2.3067005e+002
  -2.4073410e+002
  -2.4875521e+002
  -2.2999862e+002
  -2.1896912e+002
  -2.0798400e+002
  -2.2214183e+002
  -2.2462671e+002
  -2.1276604e+002
  -2.0337838e+002
  -1.8412955e+002
  -2.0477389e+002
  -2.1658747e+002
  -2.1611220e+002
  -2.1168709e+002
  -2.1682517e+002
  -2.0225026e+002
  -1.7655767e+002
  -1.7680632e+002
  -1.8306050e+002
  -1.9659660e+002
  -1.9256464e+002
  -1.9355681e+002
  -2.0278648e+002
  -2.0800739e+002
  -2.1452255e+002
  -2.1637599e+002
  -2.3201859e+002
  -2.3439634e+002
  -2.4561896e+002
  -2.2501508e+002
  -2.1639195e+002
  -2.2348956e+002
  -2.3734260e+002
  -2.3231236e+002
  -2.1374840e+002
  -2.1534299e+002
  -2.2091802e+002
  -2.2625227e+002
  -2.2262517e+002
  -2.3176436e+002
  -2.3198500e+002
  -2.4932617e+002
  -2.6050115e+002
  -2.5442294e+002
  -2.5774549e+002
  -2.3572804e+002
  -2.5462295e+002
  -2.5745923e+002
  -2.5036651e+002
  -2.4913752e+002
  -2.4450547e+002
  -2.4085868e+002
  -2.6528309e+002
  -2.7002685e+002
  -2.7397866e+002
  -2.6773124e+002
  -2.9008008e+002
  -2.7897019e+002
  -2.6906973e+002
  -2.6519344e+002
  -2.8563953e+002
  -2.8576574e+002
  -3.0419471e+002
  -2.9777669e+002
  -2.7927433e+002
  -2.6107096e+002
  -2.6276588e+002
  -2.7169469e+002
  -2.7517996e+002
  -2.5419218e+002
  -2.6264356e+002
  -2.7089582e+002
  -2.8853129e+002
  -2.8525724e+002
  -2.8236601e+002
  -2.7486759e+002
  -2.8207262e+002
  -2.9322997e+002
  -2.7818292e+002
  -2.6472551e+002
  -2.8154209e+002
  -2.9173398e+002
  -2.8422863e+002
  -2.8590895e+002
  -2.9888699e+002
  -2.8961666e+002
  -3.0706817e+002
  -3.0139514e+002
  -3.0672242e+002
  -2.9848580e+002
  -2.9619165e+002
  -2.8369242e+002
  -2.7934546e+002
  -2.9288172e+002
  -2.9858248e+002
  -2.9799374e+002
  -3.0195715e+002
  -3.0650041e+002
  -3.2176383e+002
  -3.0931615e+002
  -3.1878132e+002
  -2.9747805e+002
  -3.0371193e+002
  -2.9145144e+002
  -2.9388662e+002
  -2.7543597e+002
  -2.6728531e+002
  -2.7021345e+002
  -2.8123651e+002
  -2.8997589e+002
  -2.9898742e+002
  -3.0444184e+002
  -3.0033445e+002
  -2.9293440e+002
  -3.1385766e+002
  -3.0102557e+002
  -3.1814461e+002
  -2.9687778e+002
  -2.9987895e+002
  -2.8083085e+002
  -2.7537543e+002
  -2.7548086e+002
  -2.8209143e+002
  -3.0485403e+002
  -3.1263546e+002
  -3.1432122e+002
  -3.2049552e+002
  -3.1848371e+002
  -3.3142424e+002
  -3.1231716e+002
  -3.3321760e+002
  -3.2091715e+002
  -3.3530991e+002
  -3.1820577e+002
  -3.1714934e+002
  -3.1340586e+002
  -3.3572689e+002
  -3.5285956e+002
  -3.3855749e+002
  -3.4898092e+002
  -3.4811129e+002
  -3.6794190e+002
  -3.7618767e+002
  -3.6526940e+002
  -3.8034530e+002
  -3.9714811e+002
  -4.0796630e+002
  -3.8599258e+002
  -3.8313742e+002
  -4.0271709e+002
  -4.1023409e+002
  -4.1493953e+002
  -4.1073888e+002
  -4.2960188e+002
  -4.2257150e+002
  -4.3959083e+002
  -4.5087127e+002
  -4.5742097e+002
  -4.7069616e+002
  -4.5541836e+002
  -4.4874743e+002
  -4.3823160e+002
  -4.5238284e+002
  -4.4745595e+002
  -4.3719004e+002
  -4.4620138e+002
  -4.4905107e+002
  -4.5466106e+002
  -4.5654349e+002
  -4.8054815e+002
  -4.8161122e+002
  -4.8352222e+002
  -4.7738411e+002
  -4.8953454e+002
  -5.0054137e+002
  -5.0561904e+002
  -4.8872012e+002
  -4.8837921e+002
  -4.7874758e+002
  -4.9617697e+002
  -4.9405138e+002
  -4.9428791e+002
  -4.8040411e+002
  -4.9742850e+002
  -4.8899277e+002
  -4.9637995e+002
  -5.0504646e+002
  -5.0647470e+002
  -5.0939308e+002
  -5.0285672e+002
  -5.0607986e+002
  -4.9824757e+002
  -4.8828260e+002
  -5.0933214e+002
  -4.9545184e+002
  -4.9946602e+002
  -4.8816106e+002
  -5.0074408e+002
  -4.8978625e+002
  -4.9485037e+002
  -4.9889396e+002
  -5.0527755e+002
  -5.1442816e+002
  -5.1720521e+002
  -5.1775540e+002
  -5.3153346e+002
  -5.4056832e+002
  -5.5237121e+002
  -5.2886856e+002
  -5.3450160e+002
  -5.3900492e+002
  -5.3177040e+002
  -5.3928663e+002
  -5.4561941e+002
  -5.5571640e+002
  -5.7512976e+002
  -5.8363796e+002
  -5.7294242e+002
  -5.6827871e+002
  -5.8723263e+002
  -5.8529627e+002
  -5.8807598e+002
  -5.6941944e+002
  -5.9269267e+002
  -5.9464317e+002
  -6.0012801e+002
  -6.2125730e+002
  -6.1726097e+002
  -6.1749720e+002
  -6.3188701e+002
  -6.3601334e+002
  -6.2972413e+002
  -6.2141918e+002
  -6.4498315e+002
  -6.2351724e+002
  -6.1376559e+002
  -6.0283623e+002
  -6.2682889e+002
  -6.3170237e+002
  -6.4897443e+002
  -6.5858946e+002
  -6.5938040e+002
  -6.7272147e+002
  -6.7430527e+002
  -6.6112746e+002
  -6.4730777e+002
  -6.4624928e+002
  -6.5795016e+002
  -6.4751690e+002
  -6.4173099e+002
  -6.3575217e+002
  -6.5588114e+002
  -6.5485998e+002
  -6.6972943e+002
  -6.6700406e+002
  -6.7328518e+002
  -6.8228764e+002
  -6.9448064e+002
  -6.9176326e+002
  -6.8774397e+002
  -6.9080664e+002
  -6.9831824e+002
  -6.8346464e+002
  -6.7551697e+002
  -6.6424897e+002
  -6.8358280e+002
  -6.9217541e+002
  -6.9916846e+002
  -6.8420687e+002
  -6.6548988e+002
  -6.7060700e+002
  -6.9536528e+002
  -6.9139839e+002
  -6.8218318e+002
  -6.7303761e+002
  -6.9172836e+002
  -6.6981236e+002
  -6.6086838e+002
  -6.4079031e+002
  -6.5354594e+002
  -6.4274398e+002
  -6.4205843e+002
  -6.4217809e+002
  -6.4872770e+002
  -6.6172145e+002
  -6.5865285e+002
  -6.5344149e+002
  -6.4665168e+002
  -6.6221240e+002
  -6.7638458e+002
  -6.6583218e+002
  -6.6854307e+002
  -6.7948002e+002
  -6.7879002e+002
  -6.8968337e+002
  -7.0736896e+002
  -6.9274288e+002
  -6.6973434e+002
  -6.6873130e+002
  -6.8311947e+002
  -6.7348313e+002
  -6.8327794e+002
  -6.5230977e+002
  -6.6104137e+002
  -6.4826038e+002
  -6.6222902e+002
  -6.7962416e+002
  -6.7974273e+002
  -6.8812457e+002
  -6.9215852e+002
  -7.1323742e+002
  -7.0813750e+002
  -7.0038044e+002
  -7.0007855e+002
  -7.2535265e+002
  -7.3716612e+002
  -7.3286980e+002
  -7.3301740e+002
  -7.3133157e+002
  -7.3589327e+002
  -7.3437039e+002
  -7.3265010e+002
  -7.2534209e+002
  -7.1155306e+002
  -7.3835662e+002
  -7.4203957e+002
  -7.3427599e+002
  -7.2845627e+002
  -7.3731078e+002
  -7.3562989e+002
  -7.3936699e+002
  -7.5012634e+002
  -7.2651820e+002
  -7.1467375e+002
  -7.0980648e+002
  -7.2422420e+002
  -7.3391149e+002
  -7.4044821e+002
  -7.3224211e+002
  -7.4006509e+002
  -7.4357290e+002
  -7.4440281e+002
  -7.2750258e+002
  -7.0069188e+002
  -6.9136797e+002
  -7.0950172e+002
  -6.9170374e+002
  -6.7235818e+002
  -6.7834419e+002
  -6.8422776e+002
  -6.9697444e+002
  -7.0257736e+002
  -6.9023569e+002
  -6.8759847e+002
  -6.7275369e+002
  -6.8651669e+002
  -6.8333735e+002
  -6.7407864e+002
  -6.8203137e+002
  -7.0303991e+002
  -6.8101938e+002
  -6.5679803e+002
  -6.2740630e+002
  -6.4097396e+002
  -6.4909848e+002
  -6.6150959e+002
  -6.3792368e+002
  -6.3421047e+002
  -6.2805063e+002
  -6.5279687e+002
  -6.5170149e+002
  -6.3771347e+002
  -6.1861819e+002
  -6.2789356e+002
  -6.2950583e+002
  -6.0519108e+002
  -5.8583491e+002
  -5.9220254e+002
  -6.2759698e+002
  -6.4360081e+002
  -6.2122416e+002
  -6.1661768e+002
  -6.1714151e+002
  -6.2507572e+002
  -6.2518714e+002
  -6.3221261e+002
  -6.2257632e+002
  -6.3766492e+002
  -6.1888609e+002
  -6.0542175e+002
  -5.9815438e+002
  -6.0755987e+002
  -6.2178409e+002
  -6.3530566e+002
  -6.3665628e+002
  -6.4853646e+002
  -6.4697462e+002
  -6.4626850e+002
  -6.3261797e+002
  -6.4597450e+002
  -6.4425253e+002
  -6.6472645e+002
  -6.3535597e+002
  -6.1950359e+002
  -6.2567579e+002
  -6.6486168e+002
  -6.7837779e+002
  -6.7247518e+002
  -6.7256247e+002
  -6.8302197e+002
  -6.8465551e+002
  -6.8821294e+002
  -6.7494960e+002
  -6.6230221e+002
  -6.4076917e+002
  -6.3708511e+002
  -6.4385143e+002
  -6.4861328e+002
  -6.6648562e+002
  -6.5421451e+002
  -6.5837319e+002
  -6.4694097e+002
  -6.4823180e+002
  -6.5470756e+002
  -6.6178362e+002
  -6.6197452e+002
  -6.4971025e+002
  -6.3900514e+002
  -6.4017135e+002
  -6.2756089e+002
  -6.3671051e+002
  -6.1724452e+002
  -6.2292485e+002
  -6.1373418e+002
  -6.2212823e+002
  -6.2014873e+002
  -6.3212931e+002
  -6.3616366e+002
  -6.4861912e+002
  -6.5721035e+002
  -6.5099047e+002
  -6.4852506e+002
  -6.3965887e+002
  -6.5318048e+002
  -6.4624468e+002
  -6.4058132e+002
  -6.4266744e+002
  -6.4831528e+002
  -6.6258888e+002
  -6.7134579e+002
  -6.7469601e+002
  -6.7185039e+002
  -6.8473143e+002
  -6.8052050e+002
  -6.8135925e+002
  -6.8683243e+002
  -6.8431560e+002
  -6.7815103e+002
  -6.7169216e+002
  -6.8482821e+002
  -6.9172610e+002
  -6.8702636e+002
  -6.8739956e+002
  -6.9435423e+002
  -7.1060325e+002
  -7.0816992e+002
  -7.0141638e+002
  -6.9022493e+002
  -6.8740769e+002
  -6.8668912e+002
  -6.8265959e+002
  -6.7893117e+002
  -6.6572301e+002
  -6.6336640e+002
  -6.6218551e+002
  -6.7866331e+002
  -6.7765459e+002
  -6.8339157e+002
  -6.8717756e+002
  -7.1068727e+002
  -7.1015285e+002
  -6.9337842e+002
  -6.8185616e+002
  -7.0492559e+002
  -7.2251610e+002
  -7.1298345e+002
  -6.8191239e+002
  -6.7815265e+002
  -6.8647402e+002
  -7.0145224e+002
  -7.0278859e+002
  -6.9746369e+002
  -6.9524399e+002
  -6.8885821e+002
  -6.9001747e+002
  -6.7830790e+002
  -6.5367663e+002
  -6.4898672e+002
  -6.6478247e+002
  -6.6362547e+002
  -6.5061336e+002
  -6.3869644e+002
  -6.4143282e+002
  -6.5468318e+002
  -6.7397088e+002
  -6.6467967e+002
  -6.5982190e+002
  -6.3967347e+002
  -6.4584552e+002
  -6.3586586e+002
  -6.2314854e+002
  -6.2814773e+002
  -6.4625281e+002
  -6.2156673e+002
  -6.0140316e+002
  -5.7341279e+002
  -5.7655628e+002
  -5.5885856e+002
  -5.8288347e+002
  -5.5910512e+002
  -5.5926799e+002
  -5.3400160e+002
  -5.4630076e+002
  -5.5029484e+002
  -5.5092387e+002
  -5.3454783e+002
  -5.4621698e+002
  -5.4911989e+002
  -5.3370093e+002
  -5.0672366e+002
  -4.9404889e+002
  -5.1701486e+002
  -5.2712611e+002
  -5.0491628e+002
  -4.8725120e+002
  -4.8789209e+002
  -4.9202503e+002
  -4.9143123e+002
  -4.8478102e+002
  -4.7239641e+002
  -4.5501076e+002
  -4.5376685e+002
  -4.4688386e+002
  -4.3206602e+002
  -4.3915252e+002
  -4.4046061e+002
  -4.3044106e+002
  -4.2226154e+002
  -4.0802058e+002
  -4.0875512e+002
  -3.9217201e+002
  -4.1625671e+002
  -4.1115211e+002
  -4.1514955e+002
  -4.1493634e+002
  -4.3933416e+002
  -4.3507422e+002
  -4.3032075e+002
  -4.2444832e+002
  -4.3860227e+002
  -4.3953781e+002
  -4.5467835e+002
  -4.3295041e+002
  -4.2187808e+002
  -4.2626870e+002
  -4.4166574e+002
  -4.4450192e+002
  -4.3959693e+002
  -4.2719682e+002
  -4.2958303e+002
  -4.3527196e+002
  -4.4697693e+002
  -4.3446943e+002
  -4.2566256e+002
  -4.1896457e+002
  -4.6065161e+002
  -4.5269022e+002
  -4.4961736e+002
  -4.2925555e+002
  -4.4339754e+002
  -4.3792382e+002
  -4.3941146e+002
  -4.4288741e+002
  -4.3815638e+002
  -4.4898200e+002
  -4.5263587e+002
  -4.3546585e+002
  -4.3021237e+002
  -4.2289128e+002
  -4.4309172e+002
  -4.3949002e+002
  -4.5117261e+002
  -4.3490703e+002
  -4.5845826e+002
  -4.4711925e+002
  -4.6259960e+002
  -4.7257696e+002
  -4.6085923e+002
  -4.7133313e+002
  -4.7358453e+002
  -4.6406752e+002
  -4.6531878e+002
  -4.7484461e+002
  -4.8298970e+002
  -4.7742981e+002
  -5.0457680e+002
  -4.9341915e+002
  -5.1077527e+002
  -5.0374354e+002
  -5.1711870e+002
  -5.3038047e+002
  -5.3045940e+002
  -5.3047775e+002
  -5.2939080e+002
  -5.4009498e+002
  -5.3202535e+002
  -5.2063900e+002
  -5.1340909e+002
  -4.9285896e+002
  -5.1227033e+002
  -5.1734680e+002
  -5.3322065e+002
  -5.2626492e+002
  -5.3227086e+002
  -5.3899029e+002
  -5.5970284e+002
  -5.6111107e+002
  -5.4678162e+002
  -5.3984398e+002
  -5.4490391e+002
  -5.4353702e+002
  -5.4699885e+002
  -5.5390598e+002
  -5.5692225e+002
  -5.5759644e+002
  -5.7119382e+002
  -5.7686228e+002
  -5.8293934e+002
  -5.6589795e+002
  -5.8483821e+002
  -5.9127988e+002
  -5.8493063e+002
  -5.8475926e+002
  -5.9272742e+002
  -5.9640278e+002
  -6.0889572e+002
  -6.0282406e+002
  -5.8558703e+002
  -5.7921764e+002
  -5.7870927e+002
  -5.7750130e+002
  -5.8303245e+002
  -5.7126780e+002
  -5.6748251e+002
  -5.6122991e+002
  -5.6749544e+002
  -5.7056201e+002
  -5.6561150e+002
  -5.5360601e+002
  -5.7421013e+002
  -5.7657838e+002
  -5.6927707e+002
  -5.6597621e+002
  -5.7804259e+002
  -5.8360251e+002
  -5.9246707e+002
  -5.7579655e+002
  -5.6761597e+002
  -5.7562374e+002
  -5.8597861e+002
  -5.7518036e+002
  -5.5956049e+002
  -5.4555688e+002
  -5.6451035e+002
  -5.6931985e+002
  -5.7121413e+002
  -5.6176822e+002
  -5.6124055e+002
  -5.7324588e+002
  -5.8997272e+002
  -5.8089645e+002
  -5.5687471e+002
  -5.4338959e+002
  -5.5617293e+002
  -5.4708523e+002
  -5.3302644e+002
  -5.3248023e+002
  -5.3003258e+002
  -5.2130101e+002
  -5.4480883e+002
  -5.5411143e+002
  -5.4816010e+002
  -5.1181519e+002
  -4.9674792e+002
  -4.9519914e+002
  -4.9420869e+002
  -4.8965557e+002
  -4.7690892e+002
  -4.6772760e+002
  -4.5867672e+002
  -4.4459702e+002
  -4.3717397e+002
  -4.3825821e+002
  -4.5791780e+002
  -4.5721241e+002
  -4.5621398e+002
  -4.2508611e+002
  -4.4779328e+002
  -4.4448032e+002
  -4.4479055e+002
  -4.3450774e+002
  -4.5353505e+002
  -4.3857065e+002
  -4.3657679e+002
  -4.3821784e+002
  -4.2620065e+002
  -4.3063295e+002
  -4.2168343e+002
  -4.1133898e+002
  -4.1419115e+002
  -4.1510501e+002
  -4.2278440e+002
  -4.1436509e+002
  -4.3785955e+002
  -4.2927569e+002
  -4.4332750e+002
  -4.3666854e+002
  -4.5358973e+002
  -4.5483432e+002
  -4.4966070e+002
  -4.4449684e+002
  -4.5299668e+002
  -4.6843829e+002
  -4.7755326e+002
  -4.5662697e+002
  -4.6798356e+002
  -4.6967576e+002
  -4.8427102e+002
  -4.6392071e+002
  -4.7694266e+002
  -4.6519439e+002
  -4.7512664e+002
  -4.6037599e+002
  -4.6776549e+002
  -4.6366504e+002
  -4.7813943e+002
  -4.8012264e+002
  -4.8559150e+002
  -4.8620773e+002
  -5.0065405e+002
  -4.8906814e+002
  -4.9963511e+002
  -4.9995008e+002
  -5.1567295e+002
  -5.1042301e+002
  -5.1298108e+002
  -4.9384699e+002
  -5.0539829e+002
  -5.1217144e+002
  -5.5896663e+002
  -5.6434038e+002
  -5.8044398e+002
  -5.5367116e+002
  -5.4707558e+002
  -5.5786066e+002
  -5.6390823e+002
  -5.7360955e+002
  -5.7599862e+002
  -5.8107826e+002
  -5.6675505e+002
  -5.7427984e+002
  -5.6822763e+002
  -5.4506100e+002
  -5.5199961e+002
  -5.5523193e+002
  -5.5782080e+002
  -5.4969126e+002
  -5.5914029e+002
  -5.4453922e+002
  -5.4356359e+002
  -5.5322666e+002
  -5.5103648e+002
  -5.5824843e+002
  -5.5001710e+002
  -5.5417766e+002
  -5.4848902e+002
  -5.2653869e+002
  -5.3233840e+002
  -5.3531044e+002
  -5.4447433e+002
  -5.5042522e+002
  -5.5587903e+002
  -5.2555477e+002
  -4.9686566e+002
  -4.9309641e+002
  -5.2189501e+002
  -5.2475328e+002
  -5.1878665e+002
  -4.9477400e+002
  -4.7901650e+002
  -4.5540434e+002
  -4.6290447e+002
  -4.7688975e+002
  -4.7419804e+002
  -4.4241080e+002
  -4.3639935e+002
  -4.3794653e+002
  -4.6074758e+002
  -4.6286810e+002
  -4.5676909e+002
  -4.3727869e+002
  -4.3374721e+002
  -4.2406110e+002
  -4.2865064e+002
  -4.0877353e+002
  -4.1180528e+002
  -3.9179296e+002
  -4.0931106e+002
  -4.0108390e+002
  -3.9474807e+002
  -3.7656047e+002
  -3.7927569e+002
  -3.7129961e+002
  -3.5872597e+002
  -3.4751246e+002
  -3.5687970e+002
  -3.5618715e+002
  -3.6878427e+002
  -3.5252595e+002
  -3.4961793e+002
  -3.3560586e+002
  -3.5139760e+002
  -3.4745511e+002
  -3.4450598e+002
  -3.3986576e+002
  -3.6364046e+002
  -3.5507163e+002
  -3.4178046e+002
  -3.3336076e+002
  -3.5036898e+002
  -3.5327357e+002
  -3.6201595e+002
  -3.4410652e+002
  -3.5384886e+002
  -3.5659761e+002
  -3.5978314e+002
  -3.3810559e+002
  -3.2327173e+002
  -3.0946306e+002
  -3.3199249e+002
  -3.3482316e+002
  -3.2568866e+002
  -3.0858119e+002
  -3.2121838e+002
  -3.2516960e+002
  -3.3077958e+002
  -3.0843388e+002
  -3.0833650e+002
  -2.8117552e+002
  -2.7995588e+002
  -2.6723659e+002
  -2.6569407e+002
  -2.8264191e+002
  -3.1196259e+002
  -3.1208993e+002
  -3.1678475e+002
  -2.9945920e+002
  -2.8815925e+002
  -2.9126033e+002
  -3.1215863e+002
  -3.1063570e+002
  -3.1750196e+002
  -3.1801061e+002
  -3.2699405e+002
  -3.2203305e+002
  -3.2360670e+002
  -3.3123093e+002
  -3.3454961e+002
  -3.2700913e+002
  -3.3954006e+002
  -3.2410487e+002
  -2.9348635e+002
  -2.8605548e+002
  -2.9633809e+002
  -3.0285604e+002
  -3.1471587e+002
  -3.1713179e+002
  -3.2904536e+002
  -3.3746432e+002
  -3.4464200e+002
  -3.2375275e+002
  -3.1590512e+002
  -3.0035339e+002
  -3.2755027e+002
  -3.0504321e+002
  -3.1887285e+002
  -3.0239705e+002
  -3.0524714e+002
  -3.0381249e+002
  -3.1870155e+002
  -3.3143637e+002
  -3.4002070e+002
  -3.4733006e+002
  -3.5780116e+002
  -3.6849370e+002
  -3.6354066e+002
  -3.4982026e+002
  -3.7037383e+002
  -3.7588686e+002
  -3.9081346e+002
  -3.7102147e+002
  -3.8374382e+002
  -3.9080829e+002
  -3.8740758e+002
  -3.8387093e+002
  -3.8209467e+002
  -3.8366315e+002
  -3.9296156e+002
  -3.9864863e+002
  -3.8444197e+002
  -3.6999677e+002
  -3.6970979e+002
  -3.6975458e+002
  -3.8053208e+002
  -3.8906197e+002
  -4.1241695e+002
  -3.9097470e+002
  -3.9510317e+002
  -3.8845522e+002
  -3.6767652e+002
  -3.5914140e+002
  -3.5252297e+002
  -3.6032600e+002
  -3.6649382e+002
  -3.5596538e+002
  -3.4917099e+002
  -3.4096111e+002
  -3.6084692e+002
  -3.6553320e+002
  -3.6352311e+002
  -3.5309650e+002
  -3.5067111e+002
  -3.4646821e+002
  -3.5231793e+002
  -3.4692662e+002
  -3.2987917e+002
  -3.1232220e+002
  -3.1775602e+002
  -2.9782231e+002
  -2.7672302e+002
  -2.7007913e+002
  -2.8855687e+002
  -2.8701149e+002
  -2.8684447e+002
  -2.7636918e+002
  -2.9273030e+002
  -2.7235400e+002
  -2.8126074e+002
  -2.7886943e+002
  -2.9385505e+002
  -3.0897430e+002
  -3.0822388e+002
  -2.8691177e+002
  -2.8582053e+002
  -3.1068281e+002
  -3.1367064e+002
  -3.0419058e+002
  -2.9199769e+002
  -2.8858356e+002
  -2.9541918e+002
  -3.0744018e+002
  -3.0695821e+002
  -2.9064715e+002
  -2.6832222e+002
  -2.7298976e+002
  -2.7716151e+002
  -2.8585455e+002
  -2.9241721e+002
  -2.9317498e+002
  -2.6624552e+002
  -2.5703092e+002
  -2.3688667e+002
  -2.4173505e+002
  -2.4049067e+002
  -2.4560727e+002
  -2.3958295e+002
  -2.3977086e+002
  -2.1916856e+002
  -2.4433140e+002
  -2.4373220e+002
  -2.5672891e+002
  -2.4976781e+002
  -2.5370078e+002
  -2.4683722e+002
  -2.5281423e+002
  -2.3582365e+002
  -2.3224646e+002
  -2.3942507e+002
  -2.6052996e+002
  -2.3664838e+002
  -2.1241185e+002
  -2.0185019e+002
  -2.1745517e+002
  -2.2872518e+002
  -2.3864670e+002
  -2.4151898e+002
  -2.5728991e+002
  -2.4504950e+002
  -2.3497222e+002
  -2.0350543e+002
  -1.8799922e+002
  -1.6411306e+002
  -1.7244612e+002
  -1.6173719e+002
  -1.4860165e+002
  -1.3033163e+002
  -1.4596774e+002
  -1.6494103e+002
  -1.8261099e+002
  -1.8044957e+002
  -1.8156036e+002
  -1.9859642e+002
  -1.8908592e+002
  -1.5319296e+002
  -1.2385200e+002
  -1.3714748e+002
  -1.6298911e+002
  -1.6141209e+002
  -1.3950248e+002
  -1.2664730e+002
  -1.2482844e+002
  -1.2713843e+002
  -1.3598269e+002
  -1.3486103e+002
  -1.3723898e+002
  -1.3973118e+002
  -1.4334968e+002
  -1.1972179e+002
  -1.1364284e+002
  -9.9998624e+001
  -1.3069598e+002
  -1.5345393e+002
  -1.4843327e+002
  -1.5126193e+002
  -1.4857052e+002
  -1.5345703e+002
  -1.6275194e+002
  -1.6944367e+002
  -1.6825170e+002
  -1.6369665e+002
  -1.6234929e+002
  -1.4820179e+002
  -1.4238307e+002
  -1.5015139e+002
  -1.4951349e+002
  -1.4901268e+002
  -1.5535135e+002
  -1.7528191e+002
  -1.7918306e+002
  -1.8328913e+002
  -1.7482980e+002
  -1.7865391e+002
  -1.7605008e+002
  -1.8602721e+002
  -1.7244778e+002
  -1.5440471e+002
  -1.5584199e+002
  -1.7113942e+002
  -1.6849683e+002
  -1.7432927e+002
  -1.5966784e+002
  -1.5288464e+002
  -1.6401800e+002
  -1.6991424e+002
  -1.6840224e+002
  -1.4517734e+002
  -1.3332334e+002
  -1.2022979e+002
  -1.1799802e+002
  -1.1874157e+002
  -1.1163583e+002
  -1.0332905e+002
  -8.4004506e+001
  -9.2937441e+001
  -1.0923396e+002
  -1.1681055e+002
  -1.1517552e+002
  -1.2103700e+002
  -1.4566661e+002
  -1.4465026e+002
  -1.1292631e+002
  -9.0561902e+001
  -1.1416660e+002
  -1.4536927e+002
  -1.4879902e+002
  -1.2655748e+002
  -1.0863220e+002
  -9.5934604e+001
  -8.3682359e+001
  -8.2185119e+001
  -7.7958882e+001
  -7.1074510e+001
  -7.6389648e+001
  -7.9051793e+001
  -6.6845824e+001
  -7.0135892e+001
  -6.1940388e+001
  -6.8607370e+001
  -7.9288052e+001
  -8.2603549e+001
  -6.9171309e+001
  -6.0090624e+001
  -6.6982606e+001
  -5.9673379e+001
  -5.4724859e+001
  -5.0223408e+001
  -6.4947224e+001
  -6.9122445e+001
  -7.6475617e+001
  -7.3650068e+001
  -4.9406366e+001
  -4.0137797e+001
  -5.2602180e+001
  -5.6547712e+001
  -4.2065058e+001
  -2.2356347e+001
  -4.2190464e+001
  -5.3340981e+001
  -4.8679545e+001
  -5.4265403e+001
  -6.0346199e+001
  -5.6496888e+001
  -6.2194997e+001
  -7.3250672e+001
  -4.9993009e+001
  -4.7344852e+001
  -6.8320913e+001
  -6.7777641e+001
  -6.3738488e+001
  -6.0732105e+001
  -6.2758087e+001
  -7.1391775e+001
  -7.7216807e+001
  -6.7660405e+001
  -5.7260601e+001
  -4.8381190e+001
  -5.2193043e+001
  -5.3642250e+001
  -5.0587276e+001
  -3.3185130e+001
  -4.7893585e+001
  -4.1079946e+001
  -3.6970088e+001
  -4.8972618e+001
  -5.9702652e+001
  -6.3433377e+001
  -6.8823972e+001
  -8.6363777e+001
  -8.4446052e+001
  -6.6898673e+001
  -7.2225380e+001
  -8.5577230e+001
  -7.5971884e+001
  -7.5987811e+001
  -8.8096900e+001
  -6.9817817e+001
  -5.9167442e+001
  -5.0830515e+001
  -4.7577302e+001
  -4.6770305e+001
  -4.3831088e+001
  -3.3289008e+001
  -3.0902862e+001
  -3.5008989e+001
  -1.6650950e+001
  -8.2590810e+000
  -8.4789890e+000
  -1.7453249e+001
  -2.6819093e+001
  -2.6525139e+001
  -2.8880306e+001
  -4.1710203e+001
  -4.2582652e+001
  -2.4163397e+001
  -1.6306215e+001
  -1.5881836e+001
  -2.2152456e+001
  -2.4223840e+001
   6.7000833e+000
   2.3900600e+001
   2.9916852e+001
   2.1225313e+001
   1.3774875e+001
   1.0946322e+001
   1.7280191e+001
   1.3863485e+001
   6.5163919e+000
   1.5433853e+001
   2.8236499e+001
   2.8943987e+001
   1.0843509e+001
   9.3588916e+000
   2.8620550e+001
   3.2692895e+001
   2.8973284e+001
   2.0586288e+001
   2.1856824e+001
   3.4132983e+001
   4.9803333e+001
   7.0750999e+001
   5.4268565e+001
   5.3709292e+001
   6.4943102e+001
   7.0551250e+001
   5.7101960e+001
   6.9383696e+001
   9.9569564e+001
   1.3890541e+002
   1.1117791e+002
   1.0097252e+002
   7.9784658e+001
   8.9273044e+001
   9.1159553e+001
   7.3616204e+001
   7.8403367e+001
   8.8342489e+001
   1.1319583e+002
   1.1901453e+002
   1.0087344e+002
   1.0329450e+002
   1.3191447e+002
   1.6900811e+002
   1.7268306e+002
   1.7553235e+002
   1.5112439e+002
   1.4000023e+002
   1.3373980e+002
   1.4850962e+002
   1.5530877e+002
   1.6519904e+002
   1.6603089e+002
   1.6156549e+002
   1.5621579e+002
   1.6062696e+002
   1.6021487e+002
   1.8946346e+002
   1.9609825e+002
   2.1253942e+002
   2.0620305e+002
   2.0964508e+002
   2.0262103e+002
   2.0770816e+002
   2.0189354e+002
   2.2249737e+002
   2.1485427e+002
   2.1155949e+002
   2.0865005e+002
   2.1256862e+002
   1.9446035e+002
   2.1664288e+002
   2.2016096e+002
   2.1418013e+002
   2.1794011e+002
   2.1744362e+002
   2.1561972e+002
   2.1898611e+002
   2.2819122e+002
   2.4407979e+002
   2.4013527e+002
   2.4518014e+002
   2.3181824e+002
   2.4787049e+002
   2.3115777e+002
   2.4648212e+002
   2.4001373e+002
   2.4402478e+002
   2.3439192e+002
   2.2476560e+002
   2.1663143e+002
   2.1585049e+002
   2.1574094e+002
   2.0170616e+002
   2.0487787e+002
   2.1038737e+002
   1.8805969e+002
   2.0321379e+002
   1.9296252e+002
   1.9505321e+002
   1.6898025e+002
   1.6756925e+002
   1.6230889e+002
   1.6478503e+002
   1.6316473e+002
   1.5269131e+002
   1.4878113e+002
   1.5334953e+002
   1.5768607e+002
   1.4106839e+002
   1.5330545e+002
   1.6925776e+002
   1.5176205e+002
   1.5446367e+002
   1.4989498e+002
   1.6536007e+002
   1.6584279e+002
   1.8499496e+002
   1.9729169e+002
   1.8415674e+002
   1.8326266e+002
   1.9285844e+002
   1.9881800e+002
   1.9612030e+002
   1.8999821e+002
   1.7419617e+002
   1.8589236e+002
   1.8558229e+002
   1.7706389e+002
   1.6476834e+002
   1.6906811e+002
   1.9009899e+002
   1.9725995e+002
   1.9285026e+002
   1.7387189e+002
   1.7924966e+002
   1.8545172e+002
   1.8091261e+002
   1.8124796e+002
   1.6663516e+002
   1.7869285e+002
   1.6514611e+002
   1.8505416e+002
   1.6987809e+002
   1.8008546e+002
   2.0293586e+002
   2.0182874e+002
   1.9430834e+002
   1.9212505e+002
   1.9102701e+002
   1.7663012e+002
   1.8422026e+002
   1.9125548e+002
   1.7880800e+002
   1.8320544e+002
   1.6670065e+002
   1.6644543e+002
   1.6043246e+002
   1.8976977e+002
   2.0763863e+002
   1.9732745e+002
   1.9199497e+002
   1.7819182e+002
   1.9149458e+002
   1.8797949e+002
   1.9617178e+002
   2.0363909e+002
   2.1330001e+002
   2.2553370e+002
   2.1271416e+002
   1.9735687e+002
   1.9644561e+002
   2.3240598e+002
   2.4228151e+002
   2.3945953e+002
   2.1422678e+002
   2.0320766e+002
   2.0625745e+002
   2.0452860e+002
   2.2689800e+002
   2.3658892e+002
   2.4481926e+002
   2.3761131e+002
   2.3487208e+002
   2.2497110e+002
   2.3302980e+002
   2.5537856e+002
   2.7453104e+002
   2.8589038e+002
   2.6792655e+002
   2.5247199e+002
   2.4117434e+002
   2.4804310e+002
   2.5767532e+002
   2.7929824e+002
   2.7348916e+002
   2.4763236e+002
   2.4077156e+002
   2.3942907e+002
   2.3169252e+002
   2.1580643e+002
   2.3214041e+002
   2.4915347e+002
   2.5661830e+002
   2.5944800e+002
   2.4628927e+002
   2.4838480e+002
   2.3970034e+002
   2.3000909e+002
   2.1840374e+002
   2.2096921e+002
   2.1943784e+002
   1.9364376e+002
   1.9528643e+002
   1.8988462e+002
   1.9754564e+002
   1.8308056e+002
   1.7683589e+002
   1.7401279e+002
   1.8007603e+002
   1.9138931e+002
   2.0013249e+002
   1.9886144e+002
   2.1009771e+002
   2.1757269e+002
   2.3892294e+002
   2.1970941e+002
   2.3113692e+002
   2.2981066e+002
   2.3353720e+002
   2.1872434e+002
   2.2508826e+002
   2.2326059e+002
   2.0800999e+002
   2.0501694e+002
   2.0070172e+002
   2.2371974e+002
   2.2546329e+002
   2.1029216e+002
   2.0855993e+002
   1.8168434e+002
   2.0964177e+002
   2.1168013e+002
   2.2351287e+002
   2.0078128e+002
   1.9529478e+002
   2.0065158e+002
   2.1501530e+002
   2.2431838e+002
   2.2682880e+002
   2.2291853e+002
   2.4324575e+002
   2.4634430e+002
   2.5948705e+002
   2.3066020e+002
   2.4300793e+002
   2.4648556e+002
   2.6410914e+002
   2.5681543e+002
   2.5207882e+002
   2.5199724e+002
   2.5833401e+002
   2.6897221e+002
   2.5771061e+002
   2.5949808e+002
   2.8715345e+002
   2.8401426e+002
   2.8972608e+002
   2.5297711e+002
   2.4722387e+002
   2.4045679e+002
   2.7213806e+002
   2.7628749e+002
   2.8246943e+002
   2.5843467e+002
   2.5998734e+002
   2.5689121e+002
   2.5626326e+002
   2.6584059e+002
   2.9043260e+002
   2.9940415e+002
   2.9401018e+002
   2.8065245e+002
   2.8232477e+002
   2.7539288e+002
   2.8020649e+002
   2.7520527e+002
   2.9799633e+002
   2.9245834e+002
   2.9745869e+002
   2.9857881e+002
   3.0902777e+002
   3.0295176e+002
   3.0919090e+002
   2.9042420e+002
   2.9987526e+002
   3.0388933e+002
   3.0976362e+002
   3.0145094e+002
   2.9021773e+002
   2.8757625e+002
   2.9514097e+002
   2.7363321e+002
   2.8933905e+002
   2.9729786e+002
   3.0172460e+002
   2.9199823e+002
   2.7143989e+002
   2.5956419e+002
   2.7572661e+002
   2.5910554e+002
   2.6260462e+002
   2.5520944e+002
   2.6766258e+002
   2.6106930e+002
   2.5759345e+002
   2.6157956e+002
   2.6975690e+002
   2.6610728e+002
   2.4628898e+002
   2.3664330e+002
   2.4322865e+002
   2.4155753e+002
   2.5481351e+002
   2.3548262e+002
   2.4367985e+002
   2.3129392e+002
   2.5521803e+002
   2.4863779e+002
   2.5734532e+002
   2.5380807e+002
   2.4039263e+002
   2.3366997e+002
   2.2774800e+002
   2.1985438e+002
   2.0284206e+002
   2.1501723e+002
   2.3693917e+002
   2.3648238e+002
   2.1575610e+002
   2.0338189e+002
   2.0900194e+002
   2.0125223e+002
   2.1007981e+002
   2.0846628e+002
   2.1174192e+002
   2.2097591e+002
   2.2105491e+002
   2.3588548e+002
   2.2777241e+002
   2.2435632e+002
   2.3289234e+002
   2.3556966e+002
   2.5704126e+002
   2.4988060e+002
   2.3913157e+002
   2.2820620e+002
   2.3346848e+002
   2.2296063e+002
   2.3417614e+002
   2.3428956e+002
   2.4007330e+002
   2.4339403e+002
   2.5117129e+002
   2.4184297e+002
   2.4643022e+002
   2.5257918e+002
   2.5480982e+002
   2.5610243e+002
   2.4130721e+002
   2.1930779e+002
   2.1194268e+002
   2.0429338e+002
   2.1470790e+002
   2.1374144e+002
   2.3289035e+002
   2.1717315e+002
   2.1866592e+002
   2.1729531e+002
   2.4087218e+002
   2.4552183e+002
   2.3546674e+002
   2.2341030e+002
   2.1610477e+002
   2.3061429e+002
   2.3933120e+002
   2.1624218e+002
   2.1391584e+002
   2.3980115e+002
   2.7315725e+002
   2.7106889e+002
   2.5379069e+002
   2.7016912e+002
   2.9127983e+002
   3.0592708e+002
   3.0669776e+002
   3.1486196e+002
   2.9376911e+002
   2.9858786e+002
   3.1062143e+002
   3.1701559e+002
   3.2654289e+002
   3.4027809e+002
   3.3978431e+002
   3.3537412e+002
   3.2949712e+002
   3.3302993e+002
   3.4468954e+002
   3.4459506e+002
   3.3974438e+002
   3.3114685e+002
   3.2873143e+002
   3.3619792e+002
   3.3636320e+002
   3.2617688e+002
   3.5075954e+002
   3.5386871e+002
   3.5476743e+002
   3.4115150e+002
   3.3327682e+002
   3.3032428e+002
   3.3476294e+002
   3.2994976e+002
   3.3028612e+002
   3.3676130e+002
   3.2446160e+002
   3.2511144e+002
   3.0780391e+002
   3.0891288e+002
   3.2060724e+002
   3.1077367e+002
   3.0922852e+002
   3.1673066e+002
   3.2729267e+002
   3.1551888e+002
   3.2079638e+002
   3.3064957e+002
   3.4100688e+002
   3.3514094e+002
   3.2291497e+002
   3.0609524e+002
   3.0057658e+002
   3.0366308e+002
   3.0948176e+002
   3.0712867e+002
   3.2060012e+002
   3.1723395e+002
   3.2942721e+002
   3.2157868e+002
   3.3997080e+002
   3.4208372e+002
   3.5946507e+002
   3.5928078e+002
   3.6341531e+002
   3.4787620e+002
   3.4449535e+002
   3.3896160e+002
   3.3284787e+002
   3.2759931e+002
   3.4096992e+002
   3.4003372e+002
   3.2780573e+002
   3.1133863e+002
   3.1193283e+002
   3.1432944e+002
   3.1961926e+002
   3.0792934e+002
   3.1673820e+002
   3.2090780e+002
   3.4302345e+002
   3.4371297e+002
   3.4015082e+002
   3.1920606e+002
   3.2508859e+002
   3.3841492e+002
   3.4004473e+002
   3.1645788e+002
   3.1466422e+002
   3.1276372e+002
   3.1350741e+002
   3.0150841e+002
   3.0442209e+002
   3.0549068e+002
   3.2593262e+002
   3.2897963e+002
   3.3497956e+002
   2.9723259e+002
   2.9824971e+002
   3.0633088e+002
   3.1299459e+002
   2.9659815e+002
   2.9041258e+002
   2.8670161e+002
   2.7538203e+002
   2.7660943e+002
   2.9447666e+002
   2.8097453e+002
   2.8586655e+002
   2.9746643e+002
   2.9868205e+002
   2.9668432e+002
   3.1257355e+002
   3.2424234e+002
   3.4589941e+002
   3.3073216e+002
   3.2603229e+002
   3.0676286e+002
   3.1142440e+002
   3.0896055e+002
   3.1435079e+002
   2.9786531e+002
   3.0661491e+002
   3.0593003e+002
   3.0978389e+002
   2.8099344e+002
   3.0379661e+002
   3.1357472e+002
   3.2918587e+002
   2.9933486e+002
   3.0073709e+002
   2.9528779e+002
   2.8416854e+002
   2.7570573e+002
   2.6751130e+002
   2.6508205e+002
   2.7507736e+002
   2.7558867e+002
   2.6384500e+002
   2.4730303e+002
   2.7830885e+002
   2.8985499e+002
   2.8611148e+002
   2.6982592e+002
   2.6652957e+002
   2.5491676e+002
   2.4087157e+002
   2.4172798e+002
   2.3892670e+002
   2.4672934e+002
   2.5736262e+002
   2.6049194e+002
   2.4935381e+002
   2.3919449e+002
   2.6077719e+002
   2.7245906e+002
   2.7964895e+002
   2.6092476e+002
   2.5241019e+002
   2.3634317e+002
   2.3251124e+002
   2.2360266e+002
   2.0661222e+002
   2.1036952e+002
   2.1799891e+002
   2.1462327e+002
   2.0562616e+002
   1.8647102e+002
   1.9935048e+002
   1.9938445e+002
   1.8451011e+002
   1.7760916e+002
   1.8298869e+002
   1.9840491e+002
   1.9381145e+002
   1.6548952e+002
   1.7680313e+002
   1.9428186e+002
   2.0251806e+002
   1.9345263e+002
   1.8970725e+002
   1.7922697e+002
   1.9299786e+002
   1.9519416e+002
   2.0349082e+002
   1.9551806e+002
   1.9933320e+002
   2.2161915e+002
   2.3659532e+002
   2.2666100e+002
   2.3183509e+002
   2.3881046e+002
   2.6316987e+002
   2.4995055e+002
   2.6093602e+002
   2.5014070e+002
   2.6553097e+002
   2.5676194e+002
   2.5525703e+002
   2.4093149e+002
   2.2653858e+002
   2.2195268e+002
   2.3657382e+002
   2.3800707e+002
   2.3163835e+002
   2.3271303e+002
   2.3925776e+002
   2.2734333e+002
   2.2921415e+002
   2.3006726e+002
   2.2425366e+002
   2.1461482e+002
   2.0971977e+002
   1.9267502e+002
   1.9678413e+002
   1.8720685e+002
   1.7807724e+002
   1.8396801e+002
   1.9739478e+002
   2.0638366e+002
   1.8992351e+002
   1.8747577e+002
   1.9236636e+002
   1.9528445e+002
   1.8848118e+002
   1.8554048e+002
   1.7763507e+002
   1.8398972e+002
   1.9284271e+002
   1.9144234e+002
   1.8680898e+002
   2.0087129e+002
   1.9992708e+002
   2.1265194e+002
   2.1547959e+002
   2.1470555e+002
   2.0104045e+002
   2.0255469e+002
   2.0442236e+002
   2.0534410e+002
   1.7370156e+002
   1.7473908e+002
   1.7231165e+002
   1.7733033e+002
   1.7798358e+002
   1.8067152e+002
   1.6958318e+002
   1.8576910e+002
   2.1103267e+002
   2.0560629e+002
   1.9152831e+002
   2.0391834e+002
   1.9700801e+002
   2.2472522e+002
   2.3183374e+002
   2.4641697e+002
   2.3729289e+002
   2.2397857e+002
   2.4106770e+002
   2.4812905e+002
   2.4813134e+002
   2.3872299e+002
   2.2531632e+002
   2.4728170e+002
   2.5074801e+002
   2.7106582e+002
   2.5742443e+002
   2.7391806e+002
   2.8644787e+002
   2.8528106e+002
   2.7294022e+002
   2.7488097e+002
   2.7414869e+002
   2.6609832e+002
   2.6929660e+002
   2.7956619e+002
   2.7068252e+002
   2.5832423e+002
   2.5083972e+002
   2.5263823e+002
   2.4610791e+002
   2.5422790e+002
   2.5509001e+002
   2.5931009e+002
   2.6600299e+002
   2.8290775e+002
   2.9452719e+002
   2.8225119e+002
   2.8504784e+002
   2.7798990e+002
   2.8831247e+002
   2.8020249e+002
   2.6558407e+002
   2.5110709e+002
   2.4718679e+002
   2.5583113e+002
   2.5198726e+002
   2.4617122e+002
   2.3401623e+002
   2.4915988e+002
   2.5141842e+002
   2.4246435e+002
   2.4248416e+002
   2.5315249e+002
   2.5687911e+002
   2.6355269e+002
   2.8384115e+002
   2.6323861e+002
   2.5149093e+002
   2.5829138e+002
   2.5677379e+002
   2.6340170e+002
   2.6250999e+002
   2.4641072e+002
   2.3286616e+002
   2.4971912e+002
   2.6765965e+002
   2.5707045e+002
   2.4732421e+002
   2.5745650e+002
   2.4060749e+002
   2.5031721e+002
   2.6638169e+002
   2.8751024e+002
   2.6950679e+002
   2.6670751e+002
   2.7833979e+002
   2.8561028e+002
   2.7466651e+002
   2.7872188e+002
   2.7432541e+002
   2.9142632e+002
   2.9505946e+002
   3.1748196e+002
   3.1109587e+002
   3.2523342e+002
   3.4907667e+002
   3.4193896e+002
   3.2677826e+002
   3.3427774e+002
   3.4128107e+002
   3.3918342e+002
   3.4150480e+002
   3.5072300e+002
   3.6292039e+002
   3.5692829e+002
   3.4448320e+002
   3.3198523e+002
   3.4024438e+002
   3.5861191e+002
   3.7212931e+002
   3.6120900e+002
   3.6207616e+002
   3.6014696e+002
   3.6357213e+002
   3.4236542e+002
   3.5204545e+002
   3.5229748e+002
   3.6185632e+002
   3.6605395e+002
   3.5776627e+002
   3.4032140e+002
   3.3703518e+002
   3.5029065e+002
   3.4045243e+002
   3.5152176e+002
   3.6700768e+002
   3.7088865e+002
   3.7761950e+002
   3.8080536e+002
   3.9146771e+002
   4.0005812e+002
   4.0717359e+002
   3.8360604e+002
   3.8556820e+002
   3.8213396e+002
   3.9251747e+002
   3.8233881e+002
   3.8633527e+002
   3.7586118e+002
   3.7926474e+002
   3.7425285e+002
   3.6714893e+002
   3.7741314e+002
   4.0347609e+002
   3.9257259e+002
   3.9514290e+002
   3.7265130e+002
   3.6488897e+002
   3.6090058e+002
   3.7023266e+002
   3.5616389e+002
   3.6484759e+002
   3.6013247e+002
   3.7238897e+002
   3.6614783e+002
   3.8152225e+002
   3.8607931e+002
   4.0829023e+002
   4.0823079e+002
   4.0290989e+002
   3.7756797e+002
   3.8087945e+002
   3.7959751e+002
   3.8266778e+002
   3.6938779e+002
   3.7709382e+002
   3.7521241e+002
   3.6395086e+002
   3.5990001e+002
   3.5629799e+002
   3.5913714e+002
   3.5967206e+002
   3.5152180e+002
   3.5819767e+002
   3.3999708e+002
   3.4020620e+002
   3.2273529e+002
   3.5143023e+002
   3.4466605e+002
   3.5992784e+002
   3.6503552e+002
   3.7416294e+002
   3.8667013e+002
   4.0425456e+002
   3.9357613e+002
   3.8851395e+002
   3.8761123e+002
   3.8760079e+002
   3.7071840e+002
   3.6469555e+002
   3.3869364e+002
   3.4661892e+002
   3.4542388e+002
   3.3697568e+002
   3.2275119e+002
   3.3127249e+002
   3.3060260e+002
   3.1333085e+002
   3.1573571e+002
   3.2241166e+002
   3.1484998e+002
   3.1878945e+002
   3.1045441e+002
   3.0748833e+002
   2.9430297e+002
   3.0371087e+002
   3.0653119e+002
   3.0512362e+002
   3.0121755e+002
   2.9234263e+002
   2.7702769e+002
   2.8767033e+002
   2.9527739e+002
   2.9126607e+002
   2.9084770e+002
   2.9749646e+002
   2.9333932e+002
   2.9836125e+002
   3.0652946e+002
   2.9803378e+002
   2.9982215e+002
   3.2108552e+002
   3.1407395e+002
   3.2146965e+002
   3.1484336e+002
   2.9890045e+002
   2.8269604e+002
   2.9149998e+002
   2.9018175e+002
   2.9709389e+002
   2.8875530e+002
   2.9881834e+002
   3.0894711e+002
   3.1015551e+002
   2.9885897e+002
   3.1921515e+002
   3.1806711e+002
   3.1419218e+002
   2.9320294e+002
   2.8151014e+002
   2.7940778e+002
   2.7475885e+002
   2.5046649e+002
   2.5652366e+002
   2.6333531e+002
   2.6466341e+002
   2.7137282e+002
   2.7772801e+002
   2.5117934e+002
   2.6428941e+002
   2.6233623e+002
   2.6519251e+002
   2.6098845e+002
   2.5034972e+002
   2.3859080e+002
   2.3274045e+002
   2.4391236e+002
   2.4125837e+002
   2.4426834e+002
   2.4761802e+002
   2.4142025e+002
   2.4656366e+002
   2.4166039e+002
   2.4833495e+002
   2.2452930e+002
   2.2849312e+002
   2.2615966e+002
   2.3004039e+002
   2.2112393e+002
   2.0648368e+002
   2.0668057e+002
   2.1233401e+002
   2.3652275e+002
   2.2571527e+002
   2.3211852e+002
   2.4575170e+002
   2.5007461e+002
   2.5794162e+002
   2.5259925e+002
   2.3618559e+002
   2.1994730e+002
   2.3113516e+002
   2.4701761e+002
   2.2409044e+002
   2.1449488e+002
   2.1092203e+002
   2.0943137e+002
   1.9975645e+002
   2.0422935e+002
   2.1508661e+002
   2.4061557e+002
   2.4784395e+002
   2.4467545e+002
   2.4394120e+002
   2.5162856e+002
   2.6012997e+002
   2.8068464e+002
   2.7702995e+002
   2.8250636e+002
   2.7517783e+002
   2.9077200e+002
   2.8500927e+002
   2.9673134e+002
   3.0873323e+002
   3.2537309e+002
   3.1915483e+002
   2.9222543e+002
   2.6785010e+002
   2.8693374e+002
   2.9409933e+002
   3.0012397e+002
   2.7948207e+002
   2.7920596e+002
   2.8020532e+002
   2.9723502e+002
   3.1083566e+002
   3.1253850e+002
   3.0882258e+002
   3.3439709e+002
   3.1988194e+002
   3.3064251e+002
   3.0995717e+002
   3.1690438e+002
   3.2136308e+002
   3.3357493e+002
   3.2789653e+002
   3.1473819e+002
   3.1422350e+002
   3.2287149e+002
   3.4024681e+002
   3.1831669e+002
   3.2521497e+002
   3.4856609e+002
   3.5043990e+002
   3.4491201e+002
   3.2650341e+002
   3.0946830e+002
   2.9771299e+002
   3.1636319e+002
   3.3279465e+002
   3.2466771e+002
   3.1727185e+002
   3.1188315e+002
   3.2279253e+002
   3.1185007e+002
   3.2846969e+002
   3.4417272e+002
   3.6500216e+002
   3.6263868e+002
   3.7095931e+002
   3.6114996e+002
   3.5312511e+002
   3.6418297e+002
   3.7534917e+002
   3.8377565e+002
   3.7648431e+002
   3.5245326e+002
   3.4366089e+002
   3.4532938e+002
   3.4310755e+002
   3.4150248e+002
   3.5788534e+002
   3.6277803e+002
   3.6838456e+002
   3.6584799e+002
   3.6924761e+002
   3.7721805e+002
   3.7850256e+002
   3.6413063e+002
   3.5968762e+002
   3.6187327e+002
   3.6265966e+002
   3.5196497e+002
   3.4254308e+002
   3.3990389e+002
   3.5814355e+002
   3.6138560e+002
   3.3706703e+002
   3.4457793e+002
   3.6686491e+002
   3.8723492e+002
   3.8235606e+002
   3.9145010e+002
   3.6623305e+002
   3.7103343e+002
   3.7094603e+002
   3.7573956e+002
   3.8627246e+002
   3.9492479e+002
   4.0590177e+002
   3.9393682e+002
   3.8831932e+002
   4.0666125e+002
   4.0888810e+002
   4.2449967e+002
   4.2239668e+002
   4.3518904e+002
   4.2300967e+002
   4.5226664e+002
   4.5838345e+002
   4.7796741e+002
   4.6517018e+002
   4.4389902e+002
   4.4268488e+002
   4.3617672e+002
   4.3784662e+002
   4.2548759e+002
   4.3818395e+002
   4.6002735e+002
   4.6073943e+002
   4.4055042e+002
   4.1858657e+002
   4.3857120e+002
   4.4484177e+002
   4.5243738e+002
   4.4478925e+002
   4.5572779e+002
   4.4853882e+002
   4.5182580e+002
   4.5471468e+002
   4.5793750e+002
   4.5544534e+002
   4.7106210e+002
   4.8039159e+002
   4.6172235e+002
   4.5743137e+002
   4.5572999e+002
   4.5479254e+002
   4.5886152e+002
   4.5235722e+002
   4.6652488e+002
   4.4428235e+002
   4.6065489e+002
   4.7041554e+002
   4.7256064e+002
   4.3209301e+002
   4.2483792e+002
   4.2235808e+002
   4.2518855e+002
   4.2123046e+002
   4.0986307e+002
   4.0576372e+002
   4.1442785e+002
   4.2126666e+002
   4.1112487e+002
   4.2018088e+002
   4.4167207e+002
   4.5299771e+002
   4.6052786e+002
   4.6068833e+002
   4.5133025e+002
   4.4082070e+002
   4.4100149e+002
   4.4651365e+002
   4.4454956e+002
   4.3220614e+002
   4.2320380e+002
   4.2078198e+002
   4.3328299e+002
   4.3149329e+002
   4.3830284e+002
   4.4943782e+002
   4.5724593e+002
   4.6430516e+002
   4.6940427e+002
   4.7338767e+002
   4.6421229e+002
   4.5495570e+002
   4.5212718e+002
   4.4517706e+002
   4.3593008e+002
   4.0922555e+002
   4.0322626e+002
   3.9688646e+002
   4.1178031e+002
   3.9205953e+002
   3.9273208e+002
   3.9341880e+002
   4.0434339e+002
   4.0137031e+002
   3.8854516e+002
   3.8188283e+002
   3.8638083e+002
   3.8299790e+002
   3.9339683e+002
   3.8720448e+002
   3.8226259e+002
   3.6800695e+002
   3.8735413e+002
   3.8169754e+002
   3.7947773e+002
   3.7626407e+002
   3.6034931e+002
   3.4521595e+002
   3.4276965e+002
   3.4286674e+002
   3.3393883e+002
   3.3196368e+002
   3.3550331e+002
   3.2867611e+002
   3.4182394e+002
   3.4864672e+002
   3.7021553e+002
   3.6094192e+002
   3.5913600e+002
   3.3582488e+002
   3.3983101e+002
   3.4182923e+002
   3.3133868e+002
   3.2367936e+002
   3.2209353e+002
   3.3177202e+002
   3.2977596e+002
   3.3348692e+002
   3.3335329e+002
   3.4283467e+002
   3.5491723e+002
   3.3158070e+002
   3.4888613e+002
   3.4390354e+002
   3.4543783e+002
   3.3227978e+002
   3.2985887e+002
   3.2082122e+002
   3.2612958e+002
   3.3205680e+002
   3.3194420e+002
   3.3080890e+002
   3.3209820e+002
   3.2576653e+002
   3.2795696e+002
   3.1989510e+002
   3.3022340e+002
   3.0829508e+002
   3.2194194e+002
   3.1966632e+002
   3.3309846e+002
   3.1600934e+002
   3.1873160e+002
   3.0623706e+002
   3.0576519e+002
   3.0559292e+002
   2.8898855e+002
   2.7383559e+002
   2.9589730e+002
   2.9056722e+002
   2.9022982e+002
   2.7173556e+002
   2.7545716e+002
   2.6488954e+002
   2.7726162e+002
   2.6883617e+002
   2.8173661e+002
   2.5752952e+002
   2.4881325e+002
   2.4329249e+002
   2.5469041e+002
   2.2686176e+002
   2.3028081e+002
   2.2131584e+002
   2.3181020e+002
   2.1473068e+002
   2.0926839e+002
   2.0352253e+002
   2.2757529e+002
   2.0529341e+002
   1.9732761e+002
   1.8450012e+002
   2.0130383e+002
   1.9224904e+002
   1.7903057e+002
   1.6382378e+002
   1.8760751e+002
   1.7128009e+002
   1.7837320e+002
   1.7106347e+002
   1.7604833e+002
   1.7239085e+002
   1.8219030e+002
   1.6345224e+002
   1.7445160e+002
   1.7612184e+002
   1.8031010e+002
   1.7967934e+002
   1.8446350e+002
   1.6089644e+002
   1.6979045e+002
   1.5588892e+002
   1.7029624e+002
   1.5394262e+002
   1.5803725e+002
   1.6211057e+002
   1.6877624e+002
   1.4174150e+002
   1.4651299e+002
   1.3975038e+002
   1.4809042e+002
   1.2400902e+002
   1.2357920e+002
   1.2372632e+002
   1.2194059e+002
   1.0063266e+002
   1.0185662e+002
   9.0950012e+001
   9.5645727e+001
   8.6683247e+001
   9.1900413e+001
   7.0315843e+001
   8.3901856e+001
   8.7722791e+001
   1.0673594e+002
   8.5815524e+001
   8.0746676e+001
   7.5961273e+001
   8.1787375e+001
   6.4462268e+001
   5.6366074e+001
   5.4791489e+001
   7.8674923e+001
   7.0416172e+001
   7.2048310e+001
   4.9996418e+001
   6.8976395e+001
   5.8161920e+001
   6.6461686e+001
   3.8441841e+001
   4.5440812e+001
   4.4298049e+001
   4.3518044e+001
   3.9953234e+001
   2.8478365e+001
   2.8294267e+001
   3.8519534e+001
   1.9351510e+001
   2.3306156e+001
  -1.3511283e+001
   4.0066819e+000
  -7.7888656e+000
  -2.6751537e+000
  -2.0518650e+001
  -8.2269197e+000
  -9.3485703e+000
  -6.9041866e+000
  -2.2203067e+001
  -2.4197085e+001
  -2.6867947e+001
  -2.3107955e+001
  -4.2281411e+001
  -4.1253836e+001
  -5.5153330e+001
  -4.6269300e+001
  -5.4103807e+001
  -3.7931057e+001
  -6.7300283e+001
  -5.5912866e+001
  -5.5891155e+001
  -3.4888940e+001
  -5.3623602e+001
  -6.1123439e+001
  -6.0080895e+001
  -5.3820645e+001
  -5.1757593e+001
  -6.8164648e+001
  -6.8720182e+001
  -3.8846248e+001
  -4.7172143e+001
  -2.7703129e+001
  -7.2700933e+001
  -6.5925389e+001
  -6.1989330e+001
  -3.7791077e+001
  -3.3867856e+001
  -3.8531855e+001
  -5.1610996e+001
  -4.9681099e+001
  -4.2764058e+001
  -4.4217692e+001
  -4.0974891e+001
  -9.9737392e+000
   1.1310731e+000
   3.2009730e+000
  -1.8605986e+001
  -1.1585616e+001
   2.6822146e+000
   2.9510548e+001
   2.5843613e+001
   2.6578740e+001
   2.2613234e+001
   2.0528716e+001
   3.0410608e+001
   5.7234991e+001
   6.1922048e+001
   7.8464869e+001
   6.8448753e+001
   5.4235147e+001
   4.9674414e+001
   5.8974215e+001
   5.1997475e+001
   7.5601615e+001
   8.1379886e+001
   7.4581026e+001
   6.4956706e+001
   7.6731555e+001
   8.2943645e+001
   9.8046026e+001
   8.2119843e+001
   7.2679519e+001
   7.8456502e+001
   9.0137254e+001
   7.4552993e+001
   6.7672932e+001
   7.0455142e+001
   8.9832270e+001
   9.5120290e+001
   1.0218206e+002
   7.9706227e+001
   8.5707422e+001
   1.1030691e+002
   1.0769552e+002
   9.3369906e+001
   8.9422798e+001
   8.6384390e+001
   7.4528915e+001
   8.4008173e+001
   8.8148502e+001
   1.0401739e+002
   1.0575583e+002
   1.2227973e+002
   1.1831604e+002
   1.2442162e+002
   1.2313170e+002
   1.3423228e+002
   1.2685155e+002
   1.3301463e+002
   1.2864430e+002
   1.2337802e+002
   1.2168626e+002
   1.1699628e+002
   1.1288474e+002
   1.1749299e+002
   1.0623118e+002
   1.2477403e+002
   1.1015789e+002
   1.2304970e+002
   1.1274946e+002
   1.2210131e+002
   1.0432456e+002
   1.1303866e+002
   8.5647621e+001
   9.3532373e+001
   8.7095214e+001
   8.3964321e+001
   7.3571413e+001
   8.0182043e+001
   7.6660849e+001
   7.2945361e+001
   5.8296757e+001
   7.0271003e+001
   5.9684883e+001
   7.0431858e+001
   6.4921849e+001
   6.6639110e+001
   4.4905276e+001
   4.5138674e+001
   3.1304357e+001
   4.9661296e+001
   3.3406410e+001
   3.5542148e+001
   3.5946744e+001
   4.6503153e+001
   3.6311082e+001
   3.1613024e+001
   2.5953338e+001
   4.7185332e+001
   4.1122330e+001
   5.3225122e+001
   3.0102654e+001
   3.3754415e+001
   3.0449776e+001
   3.6809999e+001
   8.0180825e+000
   2.9242685e+001
   3.3267771e+001
   3.7452337e+001
   1.6617699e+001
   1.1705542e+001
   1.2028212e+001
   2.3411744e+001
   9.7635487e+000
   6.5522217e+000
  -1.3088975e+000
   1.7963193e+001
   1.8577111e+001
   2.7309638e+001
  -4.1486248e+000
  -1.2058247e+001
  -1.5221949e+001
  -7.1471923e-001
  -1.5642251e+001
  -7.4852461e+000
  -7.4909473e+000
   7.6481081e+000
   1.4505495e+001
   2.8440073e+001
   1.4098009e+001
   3.6825173e+001
   4.8932472e+001
   4.3119010e+001
   2.1488921e+001
   1.1925180e+001
   1.7946427e+000
  -9.9211152e+000
  -2.7194708e+001
  -2.0464654e+001
  -2.1552188e+001
  -4.8936805e-002
  -3.1577550e+000
   8.6239813e+000
  -2.1999573e+001
  -8.6156282e+000
  -1.3729185e+001
  -1.3900399e+001
  -4.3212724e+001
  -5.2416315e+001
  -5.5497059e+001
  -7.7694874e+001
  -9.2633199e+001
  -1.0161278e+002
  -9.0246689e+001
  -8.4225952e+001
  -7.9495823e+001
  -7.5099301e+001
  -1.1118324e+002
  -8.2233342e+001
  -8.1840707e+001
  -8.7004091e+001
  -1.0995059e+002
  -1.2349683e+002
  -1.3535974e+002
  -1.3623637e+002
  -1.3318570e+002
  -1.5304799e+002
  -1.3883953e+002
  -1.2357790e+002
  -1.2066663e+002
  -1.4948406e+002
  -1.6972669e+002
  -1.5999870e+002
  -1.5088391e+002
  -1.4108687e+002
  -1.5879030e+002
  -1.6085849e+002
  -1.7289585e+002
  -1.4954521e+002
  -1.3496040e+002
  -1.3710794e+002
  -1.4173562e+002
  -1.2455966e+002
  -1.3146597e+002
  -1.2145179e+002
  -1.1007166e+002
  -1.0663551e+002
  -1.0886828e+002
  -9.4840286e+001
  -8.1744001e+001
  -9.0745593e+001
  -1.0423002e+002
  -1.0071491e+002
  -9.8100466e+001
  -8.7425157e+001
  -8.5832717e+001
  -7.9384501e+001
  -8.7389638e+001
  -6.6682113e+001
  -3.6732359e+001
  -3.1031527e+001
  -5.3734606e+001
  -6.3897542e+001
  -7.8531734e+001
  -6.8674055e+001
  -7.1902657e+001
  -5.5028467e+001
  -5.2127114e+001
  -4.0731146e+001
  -3.2577745e+001
  -3.6307281e+001
  -6.1912695e+001
  -5.5941448e+001
  -5.7803301e+001
  -3.3731544e+001
  -2.0285814e+001
  -8.3038924e+000
  -1.6111255e+001
  -1.8394180e+001
  -1.1554863e+001
   2.6143066e+000
   9.4198187e+000
   1.3447949e+001
   1.6418713e+000
   4.0036045e+000
  -9.5677183e+000
