8697
8381
8293
7942
8001
8744
8397
9115
9773
10358
9849
9083
9143
8800
8741
8492
8795
9354
8796
10072
10174
11326
10744
9806
9740
9373
9244
9407
8827
9880
9364
10580
10899
11687
11280
10208
10212
9725
9721
9846
9407
10265
9970
10801
11246
12167
11578
10645
10613
10104
10348
10263
9973
10803
10409
11458
11845
12559
12070
11221
11338
10761
11012
10923
10790
11427
10788
11772
12104
12634
12772
11764
11956
11646
11750
11485
11198
12265
11704
12419
13259
13945
13839
12387
12546
12038
11977
12336
11793
12877
11923
13306
13988
14002
14338
12867
12761
12449
12658
