6.37416666666667
7.38683333333333
7.50066666666667
7.40233333333333
6.9605
8.249
7.56
8.40866666666667
6.872
6.99516666666667
5.77916666666667
5.063
4.7255
3.05116666666667
3.611
3.0225
3.40566666666667
4.23616666666667
3.743
3.2165
3.527
3.998
5.26316666666667
7.313
7.37666666666667
7.373
7.46166666666667
7.55333333333333
6.81433333333333
7.475
8.22666666666667
8.619
8.61366666666667
6.4465
6.26883333333333
7.11516666666667
6.29983333333333
5.34916666666667
5.08316666666667
4.14533333333333
4.45666666666667
3.81233333333333
3.12916666666667
2.81766666666667
3.31866666666667
3.94783333333333
5.51316666666667
7.8045
8.75666666666667
8.24833333333333
8.2
8.915
8.19166666666667
7.76266666666667
6.63583333333333
7.511
6.78416666666667
6.6095
7.67783333333333
6.91266666666667
5.92416666666667
4.2915
3.41433333333333
4.1965
3.6435
3.332
3.58583333333333
4.459
2.66233333333333
1.77166666666667
2.63933333333333
5.95466666666667
7.55566666666667
8.13333333333333
8.4
7.94
6.9095
8.27566666666667
8.1085
7.74
6.92416666666667
6.11633333333333
5.66183333333333
5.11383333333333
5.5035
5.54183333333333
5.205
4.91283333333333
4.69816666666667
4.74966666666667
3.4105
2.63916666666667
3.17266666666667
3.18133333333333
5.085
7.28333333333333
7.30133333333333
7.7205
7.221
7.80666666666667
7.17716666666667
7.36766666666667
8.40166666666667
7.725
6.43183333333333
7.988
6.8365
4.55783333333333
3.313
4.2455
3.7195
3.13083333333333
2.65166666666667
2.3265
2.59633333333333
1.6325
1.87566666666667
1.84833333333333
1.94733333333333
6.375
7.15533333333333
7.80666666666667
6.985
7.765
7.915
7.60916666666667
8.49166666666667
7.89233333333333
6.59983333333333
8.42666666666667
7.1225
5.7035
6.32416666666667
5.93483333333333
5.073
3.4055
3.89
4.02616666666667
4.4785
3.8415
4.723
3.6945
5.20016666666667
6.09116666666667
7.09483333333333
7.00933333333333
6.59333333333333
6.934
8.71166666666667
8.01166666666666
7.74833333333333
7.7205
7.77716666666667
7.74783333333333
7.29116666666667
6.40016666666667
5.88233333333333
5.425
4.0595
4.10416666666667
2.67133333333333
1.53683333333333
1.702
2.20816666666667
3.271
3.16416666666667
2.70516666666667
5.80383333333333
8.01166666666667
9.39166666666667
9.18166666666667
7.64666666666667
7.3745
7.785
8.86333333333333
8.92666666666667
6.70216666666667
7.16816666666667
6.5495
5.70533333333333
4.1155
4.931
6.289
5.083
4.4175
5.446
6.31633333333333
4.38533333333333
5.41583333333333
5.52333333333333
6.056
7.10083333333333
7.96416666666666
7.84016666666667
8.0935
6.437
6.90716666666667
7.11933333333333
8.47333333333333
7.76033333333333
7.666
5.58483333333333
6.65866666666667
4.575
4.09316666666667
3.38233333333333
5.16233333333333
4.839
5.8115
4.99016666666667
3.96783333333333
4.3575
4.2585
3.89566666666667
6.04666666666667
7.297
7.29333333333333
7.75
6.79466666666667
6.03116666666667
5.90316666666667
6.16333333333333
6.09833333333333
6.19983333333333
6.17066666666667
6.07783333333333
7.49033333333333
6.35016666666667
5.27066666666667
3.70533333333333
3.78566666666667
3.362
3.539
3.11266666666667
1.88416666666667
1.43833333333333
2.469
2.17516666666667
3.208
4.851
5.78933333333333
6.336
6.44316666666667
6.39383333333333
6.60033333333333
5.67533333333333
6.042
6.35183333333333
5.54533333333333
5.9555
6.31766666666667
5.37533333333333
4.62333333333333
5.2135
4.10183333333333
4.3845
2.7865
3.40833333333333
1.9915
2.809
3.15833333333333
2.28066666666667
3.54666666666667
4.90166666666667
5.51533333333333
5.0685
5.19283333333333
6.14283333333333
5.9905
5.51383333333333
5.90266666666667
7.67983333333333
7.26783333333333
6.118
5.72383333333333
5.08416666666667
4.33416666666667
3.81116666666667
4.36333333333333
3.5185
3.13933333333333
2.16333333333333
2.777
2.86433333333333
2.98083333333333
2.334
3.92283333333333
5.26883333333333
5.49333333333333
5.5725
5.2525
5.379
5.85133333333333
6.871
6.75916666666667
7.88333333333333
8.51
6.822
6.41616666666667
5.759
5.3925
4.93533333333333
4.59916666666667
4.07866666666667
3.26933333333333
3.3955
4.28583333333333
3.32716666666667
3.59533333333333
4.42166666666667
5.23083333333333
5.421
6.35083333333333
5.367
4.93166666666667
4.92066666666667
4.63033333333333
4.3575
6.95666666666667
8.02833333333333
8.35166666666667
8.94166666666667
7.8815
7.00366666666667
5.82633333333333
5.76683333333333
6.35366666666667
5.17666666666667
4.338
3.08766666666667
2.61133333333333
3.09966666666667
3.50066666666667
2.30766666666667
3.48316666666667
6.92783333333333
6.39833333333333
5.77616666666667
5.4045
6.019
6.06383333333333
5.8495
6.24033333333333
7.07916666666667
8.04166666666667
7.674
7.93666666666667
6.6635
6.305
5.9435
5.09333333333333
4.887
4.748
4.43866666666667
4.95533333333333
4.81016666666667
5.45266666666667
5.282
7.39433333333333
7.32833333333333
7.2775
7.18733333333333
6.05416666666667
5.53383333333333
5.647
6.17483333333333
6.77966666666667
8.11
7.93033333333333
6.81966666666667
6.74716666666667
8.05166666666667
6.1715
5.07666666666667
4.844
3.957
3.54533333333333
3.73766666666667
2.79666666666667
2.34133333333333
1.54766666666667
1.4245
3.101
6.30866666666667
7.14016666666667
6.68716666666667
6.27783333333333
5.192
5.0545
4.45133333333333
5.69266666666667
6.734
8.76833333333333
8.84833333333333
7.82566666666667
6.72166666666667
6.7925
5.252
5.421
5.12116666666667
5.04783333333333
5.00183333333333
5.313
4.63866666666667
3.6775
3.2545
5.0185
6.898
7.24566666666667
6.34166666666667
6.6785
6.7825
5.90233333333333
5.2715
5.15033333333333
6.14766666666667
6.6565
7.12233333333333
7.37066666666667
6.56716666666667
5.73366666666667
4.62466666666667
4.06883333333333
3.955
3.662
2.12266666666667
2.25766666666667
2.24266666666667
2.97116666666667
2.63616666666667
3.39933333333333
7.51933333333333
8.176
7.69333333333333
6.8465
6.5015
6.66583333333333
6.6425
6.7375
8.22
8.71833333333333
7.7295
5.63783333333333
5.09183333333333
4.85466666666667
5.84083333333333
3.53816666666667
3.6315
3.30966666666667
3.41583333333333
2.08333333333333
1.558
1.77883333333333
0.461333333333333
1.15016666666667
3.394
4.81483333333333
4.388
5.11266666666667
6.28966666666667
4.65783333333333
5.19183333333333
5.16333333333333
5.61266666666667
6.36533333333333
6.82766666666667
6.756
5.60866666666667
6.571
5.84433333333333
4.16116666666667
4.37166666666667
3.85483333333333
3.41983333333333
3.53866666666667
2.98483333333333
2.21633333333333
1.997
2.66
4.97866666666667
5.70383333333333
5.1395
5.33466666666667
4.55416666666667
4.88616666666667
4.4655
4.86683333333333
4.04683333333333
4.481
5.05966666666667
3.64883333333333
2.74733333333333
4.146
4.07233333333333
2.86066666666667
2.63133333333333
2.53933333333333
3.60883333333333
5.31883333333333
3.78383333333333
3.21933333333333
4.05716666666667
4.79166666666667
5.40666666666667
5.77233333333333
5.8135
4.9325
4.81883333333333
4.8195
5.1645
6.2035
5.96766666666667
6.37283333333333
5.7635
4.8905
4.18466666666667
5.52233333333333
3.88783333333333
3.024
2.79366666666667
2.07683333333333
1.5465
1.22816666666667
2.4815
2.64166666666667
2.5435
3.70383333333333
5.00783333333333
4.90716666666667
3.539
4.6715
4.525
5.40933333333333
6.0695
7.1955
7.41366666666667
8.35333333333333
8.1
6.8305
7.0685
7.38833333333333
7.1995
5.168
4.25933333333333
5.1455
5.0735
3.0955
2.2785
2.70666666666667
2.04866666666667
3.8435
5.7405
6.97066666666667
6.37766666666667
5.89833333333333
5.3085
4.99316666666667
5.31033333333333
5.8315
6.28316666666667
6.411
6.40133333333333
6.7705
6.45116666666667
5.41183333333333
4.484
4.79466666666667
4.633
3.45116666666667
4.15766666666667
3.3715
3.10266666666667
2.15566666666667
1.51966666666667
2.64283333333333
4.863
4.9095
5.2435
4.45316666666667
4.027
2.802
3.44683333333333
5.0755
7.23216666666667
8.44
7.49883333333333
6.60266666666667
5.393
6.3155
5.92633333333333
5.5745
5.63183333333333
5.6505
4.0265
2.61333333333333
2.991
5.40766666666667
5.17333333333333
5.66133333333333
8.26833333333333
8.315
7.56016666666667
6.81183333333333
7.7575
8.0
8.23
8.51666666666667
8.08833333333333
7.587
7.32416666666667
7.10683333333333
5.69416666666667
4.51616666666667
4.43
4.27416666666667
3.743
2.70383333333333
2.41766666666667
2.01416666666667
3.26416666666667
3.0665
2.955
3.082
4.877
6.316
7.06666666666667
7.79166666666667
6.20066666666667
6.42533333333333
5.6255
6.358
6.14183333333333
5.025
4.89783333333333
5.616
6.822
5.372
5.03683333333333
4.73683333333333
4.03816666666667
3.30283333333333
3.30633333333333
1.68983333333333
1.361
2.11133333333333
3.06416666666667
4.3695
5.71
5.94
6.2815
6.065
5.64483333333333
5.931
6.21983333333333
6.27466666666667
7.15716666666667
8.04833333333333
8.47333333333333
7.461
7.08283333333333
5.40866666666667
4.867
5.32066666666667
3.99216666666667
3.172
2.45766666666667
2.78283333333333
2.89566666666667
2.22266666666667
1.8
2.83416666666667
6.58816666666667
7.37666666666667
6.54616666666667
7.09316666666667
7.69283333333333
7.4865
8.02666666666667
8.29
8.57666666666667
8.49
7.97166666666667
7.2055
5.71816666666667
5.511
4.27483333333333
3.60633333333333
4.37016666666667
4.25233333333333
5.24183333333333
3.87616666666667
3.57183333333333
3.28633333333333
3.2575
5.62366666666667
7.4465
8.37666666666667
8.715
8.18833333333333
8.11333333333333
7.53366666666667
7.69666666666667
8.206
9.84333333333333
8.32166666666667
7.40566666666667
6.311
6.31483333333333
4.61183333333333
4.71933333333333
3.98983333333333
3.45216666666667
3.24583333333333
3.27216666666667
3.99966666666667
3.95466666666667
3.30916666666667
3.96983333333333
5.02783333333333
6.12683333333333
6.85383333333333
6.89216666666667
7.81866666666667
8.36
9.00333333333333
9.30833333333333
8.69
9.01166666666666
7.96666666666667
7.57583333333333
5.9695
5.204
4.681
5.38933333333333
5.57133333333333
4.12283333333333
3.566
3.77983333333333
4.91216666666667
4.52666666666667
3.76533333333333
3.98216666666667
5.1215
7.05
7.66216666666667
7.8665
8.58833333333333
9.15666666666667
8.91733333333333
8.91166666666667
7.36083333333333
7.98333333333333
7.43933333333333
6.86966666666667
4.973
5.73633333333333
5.14616666666667
3.36416666666667
2.96633333333333
3.64366666666667
3.25066666666667
3.20416666666667
3.22916666666667
4.50883333333333
4.79283333333333
4.94583333333333
6.10316666666667
8.115
8.58
9.155
8.36833333333333
7.92833333333333
7.575
7.46616666666667
8.07666666666667
8.70833333333333
7.655
7.32166666666667
7.75833333333333
5.89683333333333
5.63916666666667
4.64983333333333
3.9165
2.92633333333333
2.51033333333333
2.51916666666667
2.29783333333333
4.51733333333333
4.99616666666667
4.79033333333333
6.961
7.291
7.528
7.3055
7.41166666666667
8.89
8.52833333333333
8.68
8.895
9.15
9.36
7.26666666666667
7.88833333333333
5.9895
5.40033333333333
5.15783333333333
4.526
4.80833333333333
3.35966666666667
4.68083333333333
5.7065
4.968
3.309
3.284
6.22083333333333
7.4945
7.45
6.99933333333333
6.77233333333333
7.19666666666667
7.23966666666667
6.97083333333333
7.73533333333333
7.71766666666667
6.92233333333333
5.628
3.867
2.65766666666667
4.21616666666667
4.97333333333333
5.07133333333333
3.52933333333333
3.89533333333333
4.27916666666667
3.6155
2.82483333333333
3.0935
3.79083333333333
5.83283333333333
7.84316666666667
8.285
7.312
8.96666666666667
8.55166666666667
8.09583333333333
7.2545
6.779
7.4
5.354
5.6965
6.7675
5.05616666666667
5.60266666666667
4.90283333333333
5.0525
5.32866666666667
4.576
4.49466666666667
3.45783333333333
2.89433333333333
3.16166666666667
2.70666666666667
4.1295
5.535
6.68166666666667
6.9545
6.3955
6.83333333333333
6.91816666666667
7.0305
8.00166666666667
7.48383333333333
7.54583333333333
7.0225
5.93333333333333
6.80933333333333
6.45533333333333
6.1295
4.82316666666667
4.93283333333333
5.54466666666667
5.70933333333333
4.13333333333333
2.82383333333333
3.2445
3.75333333333333
6.6095
7.64166666666667
8.245
8.29483333333333
8.01866666666667
8.17166666666667
6.77533333333333
7.69833333333333
9.41166666666667
9.585
8.55333333333333
7.13433333333333
8.265
8.63666666666667
6.99016666666667
6.92316666666667
6.98516666666667
5.28633333333333
4.4105
4.29683333333333
4.28533333333333
4.52083333333333
4.05733333333333
2.18433333333333
5.109
7.7395
6.69533333333333
7.36183333333333
8.03966666666667
8.76333333333333
7.26183333333333
9.315
9.58166666666667
9.21833333333333
9.02
7.58466666666667
6.753
7.2165
5.90916666666667
5.00366666666667
3.9985
3.34333333333333
3.36283333333333
3.29883333333333
2.573
2.41833333333333
4.14066666666667
4.47983333333333
4.68316666666667
6.31183333333333
7.04
7.43466666666667
7.94
7.94166666666667
7.6995
7.51383333333333
7.083
8.28016666666667
8.67666666666667
7.025
7.56833333333333
7.38716666666667
6.6165
6.12383333333333
4.65116666666667
4.14716666666667
4.45016666666667
4.02083333333333
4.774
6.19583333333333
7.13216666666667
6.283
7.02916666666667
9.52666666666667
8.63833333333333
9.495
9.30666666666667
8.40166666666667
8.41833333333333
8.72333333333333
8.44833333333333
8.61333333333333
8.82166666666667
7.9755
7.85266666666667
6.29116666666667
5.1005
4.18816666666667
3.81416666666667
5.00683333333333
4.5015
3.994
3.768
3.59416666666667
3.5015
5.04433333333333
6.57516666666667
8.97
9.59
9.41
8.45166666666667
8.56833333333333
8.46333333333333
9.03666666666667
9.27166666666667
9.8
8.99666666666667
9.43666666666667
8.78166666666667
6.945
6.2325
4.35666666666667
3.38566666666667
2.1865
2.34666666666667
2.77116666666667
3.19883333333333
3.71483333333333
4.48833333333333
4.93366666666667
5.01733333333333
5.79416666666667
6.918
8.0995
7.4075
5.81766666666667
6.87966666666667
7.9995
9.815
9.33166666666667
7.74566666666667
7.09883333333333
7.092
5.48083333333333
4.492
4.21833333333333
4.07283333333333
6.232
6.3665
4.624
5.0595
6.05033333333333
5.6595
5.42583333333333
6.04883333333333
6.04333333333333
5.913
7.53466666666667
9.10333333333333
9.40666666666667
11.0583333333333
12.1733333333333
9.513
7.93083333333333
8.6
8.51833333333333
7.19916666666667
5.51483333333333
4.19666666666667
2.97483333333333
2.36583333333333
3.21716666666667
2.69583333333333
2.35
2.88183333333333
1.9865
2.00816666666667
1.60933333333333
3.27933333333333
7.62166666666667
7.254
7.31833333333333
6.55683333333333
8.61333333333333
8.33666666666667
9.07833333333333
9.67666666666667
7.6475
7.12116666666667
8.24933333333333
4.684
5.2285
5.73983333333333
5.30683333333333
6.07033333333333
6.14433333333333
5.04133333333333
4.0815
3.44816666666667
4.46416666666667
4.81566666666667
3.984
5.48133333333333
6.60766666666667
7.81666666666667
8.155
9.39666666666667
8.785
8.475
8.39133333333333
9.11166666666667
8.43
7.65333333333333
6.91133333333333
6.57616666666667
6.05816666666667
5.899
4.755
4.60516666666667
4.17533333333333
3.96366666666667
3.70333333333333
4.96433333333333
4.00683333333333
3.0475
3.25716666666667
4.29466666666667
7.356
6.5065
7.54116666666667
7.91533333333333
6.787
7.93933333333333
7.45433333333333
7.7815
9.04
8.35
7.51333333333333
7.60433333333333
7.44583333333333
6.22666666666667
5.49466666666667
6.34433333333333
5.31766666666667
3.6125
3.96066666666667
3.58516666666667
3.876
1.97333333333333
2.3285
6.00983333333333
8.695
9.79
9.44833333333333
8.91833333333333
8.365
8.10333333333333
8.24
8.98666666666667
9.30166666666667
8.88333333333333
8.25333333333333
7.1585
6.39733333333333
5.7115
5.19916666666667
4.7895
3.53183333333333
3.6265
3.1885
3.137
3.6045
3.367
3.6565
5.09616666666667
6.19416666666667
5.943
7.32333333333333
6.28366666666667
7.8755
7.65933333333333
8.375
9.50166666666667
8.59666666666667
7.91216666666667
7.5905
5.735
5.62416666666667
5.09883333333333
4.97816666666667
3.89516666666667
3.73433333333333
3.50233333333333
3.1085
2.1755
2.46616666666667
2.69416666666667
3.9715
5.67033333333333
6.39516666666667
5.96166666666667
5.8245
5.9845
5.44416666666667
5.9525
6.591
7.0685
8.20066666666667
7.76116666666667
8.45333333333333
6.7845
5.953
5.56066666666667
4.677
5.10933333333333
6.013
5.03333333333333
3.668
4.835
3.7605
3.2955
3.91333333333333
5.82816666666667
6.802
7.53166666666667
7.6345
7.62166666666667
6.80833333333333
6.80216666666667
6.643
7.11233333333333
8.6
8.1405
8.31333333333333
6.9935
6.13566666666667
6.16233333333333
6.01116666666667
5.41983333333333
4.2955
4.486
4.28966666666667
3.79833333333333
2.86916666666667
3.4425
4.26166666666667
7.1855
8.65066666666667
8.65333333333333
8.23166666666667
8.17833333333333
7.13066666666667
7.09916666666667
7.78683333333333
6.62183333333333
7.10216666666667
7.845
7.822
8.13
7.12283333333333
6.37716666666667
6.32566666666667
6.26783333333333
5.74916666666667
4.71566666666667
4.26966666666667
4.72933333333333
4.8185
5.279
4.89833333333333
7.36483333333333
9.19
7.58616666666667
7.96766666666667
7.28883333333333
6.90166666666667
7.3
6.9265
8.31
7.71866666666667
8.455
8.11666666666667
8.79833333333333
7.18116666666667
5.15433333333333
5.539
4.55766666666667
3.72533333333333
3.08716666666667
3.817
3.28366666666667
4.41716666666667
4.5675
5.3465
7.696
9.165
9.15
8.45166666666667
9.10666666666667
8.045
7.83883333333333
7.95716666666667
8.11166666666667
7.22316666666667
8.37666666666667
8.00833333333333
6.69083333333333
6.07683333333333
6.7005
6.47783333333333
6.5595
6.4045
5.79083333333333
5.701
6.3315
5.9795
4.55166666666667
4.363
6.29533333333333
7.35883333333333
8.189
8.755
8.525
8.1
8.15733333333333
8.655
9.425
8.66
8.745
7.211
6.52116666666667
6.05766666666667
5.9905
5.3085
4.62033333333333
4.30316666666667
4.04966666666667
3.9755
3.95816666666667
4.45616666666667
3.93116666666667
4.01666666666667
7.79066666666667
9.625
10.23
9.77166666666667
9.50666666666667
8.755
7.526
8.0
8.12833333333333
8.51833333333333
7.02
7.26833333333333
7.1725
8.04433333333333
5.85833333333333
5.98416666666667
5.58983333333333
4.51633333333333
4.60166666666667
4.77833333333333
5.292
4.82066666666667
5.1155
5.84533333333333
8.02233333333333
8.295
8.055
7.15283333333333
8.16716666666667
7.48466666666667
7.73666666666667
8.525
8.12333333333333
7.6415
6.64316666666667
6.76483333333333
6.21416666666667
5.98866666666667
5.57816666666667
5.493
4.43566666666667
4.91133333333333
4.17233333333333
3.92683333333333
4.12266666666667
2.925
3.2815
3.1875
6.7695
7.526
7.67283333333333
7.4015
7.7805
7.04133333333333
7.07516666666667
7.60833333333333
8.96666666666667
9.01333333333333
10.17
9.785
8.53833333333333
8.59666666666667
7.22583333333333
5.625
4.75366666666667
4.707
3.83733333333333
3.7245
4.33583333333333
5.21983333333333
4.59283333333333
4.37366666666667
8.58666666666667
8.20333333333333
7.56133333333333
7.1435
6.76433333333333
6.18616666666667
5.5225
4.96166666666667
6.57566666666667
9.077
9.62166666666667
8.90166666666667
8.12816666666667
7.23533333333333
5.28283333333333
5.54583333333333
4.63433333333333
3.318
3.63016666666667
4.28266666666667
3.66616666666667
4.02683333333333
4.3715
4.31483333333333
5.90766666666667
7.329
7.13783333333333
8.065
8.1965
8.54666666666667
9.60166666666667
9.06933333333333
6.22233333333333
8.39666666666667
8.74
7.73083333333333
7.711
7.3635
6.751
5.80633333333333
6.79633333333333
7.635
5.44816666666667
4.62466666666667
4.30016666666667
4.0785
4.77716666666667
6.213
7.8615
8.71166666666667
8.32
8.90666666666667
8.33333333333333
8.34166666666667
8.54666666666667
8.492
9.19833333333333
8.62333333333333
8.265
8.41
8.47233333333333
6.8475
6.9365
6.26516666666667
5.90983333333333
4.62633333333333
3.64516666666667
4.02766666666667
4.894
4.44633333333333
5.33966666666667
6.53816666666667
7.6285
7.4465
7.24316666666667
8.91666666666667
8.22
8.425
8.34333333333333
8.565
8.13216666666667
7.912
7.65533333333333
8.45333333333333
8.34
6.85883333333333
4.30233333333333
4.1695
4.45266666666667
3.61833333333333
2.5605
3.36933333333333
3.22483333333333
3.46616666666667
3.56683333333333
4.84583333333333
7.34833333333333
7.90333333333333
9.07833333333333
9.45666666666667
9.60833333333333
8.86333333333333
8.31166666666667
8.33833333333333
7.83833333333333
8.82166666666667
8.98333333333333
8.82166666666667
8.12816666666667
8.44633333333333
8.375
7.4055
5.743
5.7415
5.276
5.48583333333333
5.08016666666667
3.748
3.079
1.40383333333333
4.37866666666667
8.191
8.93666666666667
9.08
9.73833333333333
8.47166666666667
8.11333333333333
7.94216666666667
8.115
8.895
9.99833333333333
9.09333333333333
8.51333333333333
7.51
7.088
5.49283333333333
4.83133333333333
4.79516666666667
5.7305
5.17116666666667
4.03166666666667
4.22633333333333
3.1215
2.75333333333333
3.69966666666667
7.23866666666667
7.72183333333333
8.95
7.905
8.54333333333333
8.13333333333333
7.69316666666667
8.03666666666667
9.12833333333333
8.312
6.545
6.2455
6.6545
6.0825
5.45683333333333
4.90283333333333
4.87783333333333
4.1445
3.983
4.1675
4.57716666666667
4.30133333333333
4.56633333333333
4.43466666666667
6.147
7.46666666666667
7.425
7.67
8.94333333333333
8.49
8.335
8.24316666666667
7.222
6.88016666666667
5.43466666666667
5.97966666666667
6.27583333333333
5.18883333333333
4.4955
4.48566666666667
4.1725
5.66033333333333
4.48
4.08883333333333
5.05383333333333
4.70183333333333
6.244
8.13433333333333
9.63833333333333
11.1866666666667
11.2583333333333
10.9566666666667
10.3933333333333
10.9783333333333
10.2383333333333
10.01
9.03833333333333
8.25
7.39516666666667
7.03966666666667
6.40833333333333
5.73133333333333
3.8815
3.08016666666667
2.1865
1.72566666666667
2.29366666666667
3.0135
2.09483333333333
2.504
4.9055
5.11516666666667
7.59866666666667
8.54166666666667
9.085
8.55166666666667
8.22166666666667
8.03666666666667
8.34333333333333
8.009
8.56066666666667
7.07266666666667
7.235
6.29766666666667
5.76166666666667
4.66166666666667
3.8175
2.71866666666667
3.26083333333333
3.3255
2.07966666666667
2.32866666666667
2.09983333333333
2.47066666666667
2.795
4.3075
6.88916666666667
7.16066666666667
7.39683333333333
7.32433333333333
7.23633333333333
6.78616666666667
7.45666666666667
7.371
6.95
6.86783333333333
7.77333333333333
9.00166666666667
7.26316666666667
6.20516666666667
5.15616666666667
5.67716666666667
4.634
3.78066666666667
3.20233333333333
3.87616666666667
4.695
3.39433333333333
3.24083333333333
5.17516666666667
6.59116666666667
6.49516666666667
6.29533333333333
6.765
5.69
6.13966666666667
6.8235
7.88166666666667
7.57966666666667
7.61483333333333
6.7655
7.18583333333333
6.218
6.48533333333333
6.404
6.70783333333333
4.5055
3.95316666666667
3.59633333333333
4.73833333333333
5.854
4.238
3.76216666666667
8.47333333333333
8.94166666666666
9.52
9.19666666666667
8.74666666666667
8.12166666666667
7.89333333333333
8.685
8.705
8.15
8.89833333333334
8.515
8.01933333333333
5.7805
5.74966666666667
4.40966666666667
3.3135
2.96133333333333
3.75116666666667
3.313
2.749
3.8085
5.37933333333333
4.84383333333333
6.96116666666667
7.42183333333333
8.49166666666667
8.74
9.34
8.54666666666667
8.87166666666667
8.44
8.94166666666667
9.47166666666667
9.07833333333333
7.796
6.56866666666667
5.69166666666667
5.12066666666667
7.35133333333333
6.52116666666667
6.654
4.50716666666667
3.08366666666667
3.791
3.91466666666667
3.18966666666667
3.77233333333333
4.90716666666667
6.92483333333333
6.98766666666667
7.79166666666667
8.11833333333333
7.6605
8.34166666666667
6.71183333333333
9.665
8.48983333333333
6.93033333333333
6.16116666666667
6.03183333333333
4.7465
3.97083333333333
3.64116666666667
3.21
3.88466666666667
3.13233333333333
2.67683333333333
3.189
3.16516666666667
4.32616666666667
3.78816666666667
7.15716666666667
8.03016666666667
9.61333333333333
8.98833333333333
8.73166666666667
8.35833333333333
8.59166666666667
8.02233333333333
8.67
8.83833333333333
8.24516666666666
7.48966666666667
7.22
7.825
6.10666666666667
4.81283333333333
4.50666666666667
5.847
4.066
2.98416666666667
3.1515
3.1625
3.33566666666667
3.52133333333333
5.62266666666667
7.04583333333333
7.04633333333333
9.09333333333333
7.681
9.35983333333333
8.10166666666667
8.02916666666667
9.29166666666667
7.51733333333333
7.95
5.97583333333333
5.59683333333333
6.06333333333333
4.3605
5.74216666666667
5.47433333333333
5.352
4.2875
3.43083333333333
3.4805
3.29183333333333
3.53666666666667
4.34216666666667
7.93666666666667
7.854
7.57216666666667
7.64583333333333
6.70183333333333
7.19916666666667
7.74833333333333
7.6225
7.84383333333333
7.82866666666667
7.53016666666667
7.3445
8.18166666666667
7.441
5.6655
4.74366666666667
4.10016666666667
3.79483333333333
3.8585
2.8645
3.03566666666667
2.90333333333333
3.46916666666667
2.85633333333333
4.9465
7.05466666666667
6.29133333333333
6.154
6.65416666666667
6.34783333333333
5.88
5.74883333333333
6.0235
7.10616666666667
7.59733333333333
8.38
7.86
7.31233333333333
6.63466666666667
6.93116666666667
7.57833333333333
6.43966666666667
4.55333333333333
4.0495
4.8815
5.28783333333333
4.23566666666667
5.66333333333333
4.21666666666667
4.02783333333333
3.90633333333333
3.84033333333333
3.57283333333333
3.80533333333333
4.06933333333333
4.20716666666667
5.5205
6.09233333333333
7.89166666666667
8.08333333333333
7.21566666666667
7.3985
8.07833333333333
8.41333333333333
8.09833333333333
7.27466666666667
6.28866666666667
5.64233333333333
5.616
5.76816666666667
5.134
6.1875
6.06883333333333
6.694
7.466
6.40933333333333
5.7815
5.722
6.09133333333333
6.56933333333333
6.2895
6.072
5.99566666666667
8.69833333333333
8.10666666666667
7.935
7.04816666666667
6.07716666666667
5.1305
4.3265
3.63283333333333
3.37366666666667
3.7845
4.86366666666667
4.98983333333333
3.877
6.54716666666667
7.27866666666667
6.70566666666667
6.09116666666667
5.97666666666667
6.505
5.631
5.79316666666667
5.97733333333333
7.27816666666667
9.28666666666667
9.89833333333333
9.50833333333333
9.415
8.09166666666667
6.73966666666667
5.74883333333333
6.24266666666667
6.39166666666667
4.80566666666667
3.73033333333333
3.7905
3.678
5.23533333333333
7.03083333333333
6.77766666666667
7.06383333333333
7.28383333333333
7.0965
6.77816666666667
7.71983333333333
7.227
7.378
7.93666666666667
9.1
9.78166666666667
9.36333333333333
8.915
7.69683333333333
7.18933333333333
6.34616666666667
5.08116666666667
5.1035
5.4585
5.35633333333333
6.0145
5.15583333333333
4.46083333333333
6.88216666666667
7.84166666666667
8.635
9.16666666666667
8.805
7.78833333333333
7.12433333333333
6.65683333333333
6.8315
7.5095
8.50666666666667
8.87666666666667
8.77166666666667
8.77333333333333
7.88666666666667
7.11866666666667
6.66583333333333
5.0895
4.46866666666667
3.22766666666667
4.0965
3.60466666666667
4.771
3.527
6.394
7.58566666666667
7.08366666666667
7.054
7.16716666666667
6.944
7.2685
7.70683333333333
7.78333333333333
8.00166666666667
8.14666666666667
8.54333333333333
9.18166666666667
8.76333333333333
8.355
6.93566666666667
5.50016666666667
4.37233333333333
2.93933333333333
3.94833333333333
2.83966666666667
2.95933333333333
3.5915
2.578
5.81766666666667
7.75616666666667
8.12166666666667
8.83
8.705
8.76166666666666
7.7565
8.715
8.52666666666667
9.43833333333333
8.51816666666667
8.56166666666667
7.4745
7.09
6.93883333333333
5.92733333333333
4.15583333333333
3.08383333333333
3.53333333333333
3.43416666666667
2.26683333333333
2.50716666666667
2.4465
2.67483333333333
5.82333333333333
7.70833333333333
8.705
8.40333333333333
7.78583333333333
7.2535
7.222
7.16166666666667
6.921
7.94166666666667
8.04666666666667
8.71666666666667
8.26416666666667
8.25033333333333
7.84066666666667
7.89833333333333
5.71766666666667
4.42383333333333
2.92433333333333
4.03916666666667
3.62133333333333
3.93616666666667
2.49616666666667
2.46666666666667
4.21783333333333
6.44783333333333
5.73016666666667
5.09216666666667
4.50616666666667
4.9265
5.16083333333333
5.76733333333333
5.76033333333333
6.80383333333333
7.59816666666667
9.08333333333333
10.4683333333333
10.0983333333333
8.92833333333333
8.67833333333333
7.432
6.25383333333333
5.39483333333333
5.6975
4.98316666666667
3.52883333333333
2.67133333333333
5.72766666666667
8.6
9.11333333333333
8.49833333333333
8.69333333333333
7.92166666666667
8.00166666666667
8.53166666666667
9.4055
9.24166666666667
9.34833333333333
8.93
10.5583333333333
9.38333333333333
8.47666666666667
7.79
6.37066666666667
5.56233333333333
5.14216666666667
5.44066666666667
4.35483333333333
4.69416666666667
4.18566666666667
3.86233333333333
4.15616666666667
6.90966666666667
7.965
8.70333333333333
9.13666666666667
8.52333333333333
7.8415
7.715
7.8175
7.93583333333333
9.145
10.0716666666667
10.385
10.1933333333333
9.50166666666667
8.13666666666667
7.04333333333333
5.82283333333333
4.61466666666667
4.51483333333333
3.9875
4.31766666666667
3.97583333333333
3.3475
3.611
7.427
8.46
9.405
8.35
8.435
7.52283333333333
6.82233333333333
7.3145
7.283
8.365
9.625
9.685
9.22
8.535
8.07783333333333
8.79333333333333
6.416
6.692
7.20816666666667
6.5805
6.08533333333333
4.977
4.97366666666667
6.66133333333333
8.42833333333333
8.60333333333333
7.99666666666667
7.93166666666667
6.809
6.90683333333333
7.065
6.8495
7.03783333333333
7.925
9.65166666666667
9.915
10.3666666666667
10.075
8.26
7.27733333333333
5.79716666666667
4.97933333333333
4.8365
4.486
4.77233333333333
4.53266666666667
3.97066666666667
4.51666666666667
8.12216666666667
8.245
8.15666666666667
7.745
7.435
6.86716666666667
6.03316666666667
6.4685
5.936
6.97083333333333
9.805
10.7583333333333
9.5
9.18166666666667
7.57233333333333
6.755
6.23233333333333
5.74083333333333
4.90416666666667
4.99916666666667
4.86883333333333
4.76716666666667
3.9925
3.552
5.00516666666667
6.73
6.38633333333333
7.29683333333333
6.55483333333333
6.99016666666667
6.81316666666667
7.35116666666667
7.75533333333333
8.815
8.45833333333333
8.67333333333333
9.0
8.22166666666667
6.595
6.5955
5.382
4.86866666666667
4.098
4.7325
3.58733333333333
3.67483333333333
3.52833333333333
4.4315
7.13716666666667
8.14
6.75833333333333
7.46133333333333
7.62383333333333
6.83083333333333
7.035
6.93066666666667
8.22
7.90333333333333
8.18666666666667
8.66833333333333
8.485
7.30766666666667
7.548
7.28333333333333
7.367
6.14233333333333
6.346
4.65016666666667
3.85116666666667
3.13766666666667
3.024
3.18216666666667
6.21583333333333
6.55466666666667
5.65616666666667
6.03666666666667
5.59733333333333
5.91183333333333
5.07616666666667
5.98616666666667
5.89416666666667
6.905
7.638
9.30166666666667
9.87833333333333
9.81833333333333
8.033
7.328
8.03166666666667
5.99583333333333
6.41416666666667
7.19983333333333
6.1495
6.12383333333333
4.89433333333333
5.87133333333333
5.74383333333333
6.684
7.05766666666667
6.00733333333333
5.8025
5.4755
4.98833333333333
4.844
6.60933333333333
8.97666666666667
10.105
10.0033333333333
9.90166666666667
9.13666666666666
8.62116666666667
6.39766666666667
6.802
6.3395
5.87333333333333
6.13
4.35466666666667
4.84266666666667
4.10583333333333
5.1085
7.2705
6.573
6.8415
6.39666666666667
5.841
5.20766666666667
5.308
5.64616666666667
5.66266666666667
8.27083333333333
9.11833333333333
9.81333333333333
10.2683333333333
9.74666666666667
8.66166666666667
8.185
6.0735
5.92616666666667
6.2645
5.11116666666667
3.897
4.1315
5.13566666666667
7.02866666666667
8.375
7.4785
7.04966666666667
6.494
5.58
5.46383333333333
5.7495
6.683
7.785
9.24166666666667
9.8
8.455
7.98033333333333
7.95166666666667
7.80166666666667
7.64333333333333
6.09566666666667
5.48866666666667
5.70766666666667
7.1155
6.73733333333333
5.73533333333333
5.45416666666667
6.9365
7.59416666666667
9.07166666666667
8.62666666666667
8.20483333333334
7.8925
8.25233333333333
8.43666666666667
8.42333333333333
8.88333333333333
9.63833333333333
9.10333333333333
8.705
9.51833333333333
8.72833333333333
8.56666666666667
6.98966666666667
5.72116666666667
5.4245
3.83366666666667
3.589
2.38933333333333
2.93883333333333
3.37066666666667
4.59116666666667
6.9545
6.15016666666667
6.4405
7.6345
6.63633333333333
6.2765
6.69983333333333
7.30533333333333
8.82666666666667
8.95833333333333
10.6033333333333
10.4566666666667
9.90833333333333
9.47
8.256
6.8445
5.70066666666667
5.86733333333333
5.78566666666667
5.00916666666667
5.29366666666667
5.8065
4.34366666666667
4.9705
7.0605
7.0245
7.93916666666667
7.3485
7.85166666666667
7.06083333333333
7.10633333333333
7.585
9.015
10.08
10.2566666666667
10.3333333333333
9.38
9.14333333333333
7.7635
6.1285
5.96516666666667
4.775
6.38966666666667
5.089
6.46416666666667
3.78683333333333
3.37266666666667
4.9065
5.64766666666667
7.7235
6.12616666666667
6.7475
6.1955
6.80016666666667
7.19383333333333
8.01833333333333
8.38333333333333
8.4
9.02833333333333
8.0235
7.81333333333333
8.285
7.05683333333333
5.61283333333333
4.9045
4.2285
4.74783333333333
4.18233333333333
3.4335
3.59016666666667
4.11616666666667
6.01566666666667
9.26166666666667
7.24816666666667
6.57316666666667
6.99466666666667
6.57016666666667
6.3255
6.60916666666667
6.45766666666667
6.42483333333333
7.776
9.44166666666666
9.535
10.18
10.4816666666667
9.03833333333333
6.94316666666667
6.8405
7.0255
6.0055
7.4355
5.077
3.88633333333333
3.3185
4.30133333333333
6.83766666666667
7.47333333333333
6.85366666666667
7.885
7.1325
6.74416666666667
6.88433333333333
7.5085
7.5755
8.26333333333333
8.72166666666667
10.075
9.72166666666667
8.945
8.74833333333333
7.58233333333333
6.7635
6.4475
5.433
6.1085
4.25166666666667
4.41816666666667
5.502
7.43616666666667
7.90516666666667
7.759
6.75666666666667
6.855
6.36166666666667
7.04116666666667
7.36666666666667
7.92333333333333
8.045
8.154
7.91833333333333
8.68666666666667
9.205
7.742
8.15166666666667
7.58633333333333
5.80833333333333
5.16983333333333
3.96666666666667
3.29716666666667
2.86733333333333
3.98533333333333
3.39366666666667
4.097
7.4615
8.585
8.265
8.59
8.61166666666667
7.55383333333333
7.53233333333333
7.06783333333333
7.744
8.1715
7.48433333333333
8.515
8.25333333333333
8.29833333333333
7.09983333333333
5.41016666666667
5.51933333333333
4.90866666666667
4.24216666666667
4.27283333333333
5.29916666666667
4.60866666666667
3.923
6.55883333333333
6.70983333333333
6.57266666666667
6.484
6.42566666666667
5.30233333333333
5.63416666666667
5.98483333333333
6.02266666666667
7.48766666666667
8.01333333333333
8.15833333333333
9.17833333333333
9.04666666666667
7.513
7.391
5.79216666666667
4.79383333333333
4.0305
3.19283333333333
3.22116666666667
3.645
4.84833333333333
4.332
4.83533333333333
5.44783333333333
6.26333333333333
6.15116666666667
5.515
5.20483333333333
5.24566666666667
5.269
5.63316666666667
6.00716666666667
7.0795
6.898
8.505
9.615
9.12333333333333
8.15166666666667
7.59283333333333
7.2205
6.09683333333333
5.64283333333333
5.67783333333333
4.904
4.1595
3.55016666666667
4.69583333333333
5.96816666666667
4.82033333333333
4.83966666666667
5.21366666666667
4.20966666666667
4.00666666666667
2.55566666666667
3.21066666666667
3.53833333333333
3.769
6.34783333333333
9.40166666666667
9.07
8.98
7.75
6.84966666666667
6.326
5.09783333333333
5.36583333333333
5.74433333333333
4.987
6.38633333333333
6.26616666666667
5.85183333333333
5.73733333333333
5.61383333333333
4.26916666666667
4.071
3.98783333333333
2.99133333333333
3.49433333333333
3.431
4.14016666666667
5.26466666666667
7.98666666666667
10.4183333333333
11.1083333333333
9.765
8.3
8.12
7.64066666666667
6.74166666666667
5.64483333333333
6.02333333333333
6.06533333333333
4.711
3.85316666666667
5.5335
5.65866666666667
5.5805
5.50283333333333
6.07716666666667
6.32366666666667
5.521
5.40466666666667
6.102
7.2455
7.74083333333333
9.02833333333333
9.22166666666667
10.1166666666667
9.60833333333333
8.6
6.6785
7.01533333333333
5.4335
3.50433333333333
3.63566666666667
3.6625
3.9685
4.186
5.3975
7.233
6.90533333333333
6.84066666666667
5.8025
5.27733333333333
5.89166666666667
5.5085
6.6765
6.75366666666667
7.87
8.83166666666667
10.2433333333333
10.2183333333333
9.55333333333333
7.72933333333333
6.7405
6.33816666666667
6.28783333333333
6.19416666666667
4.68483333333333
4.85016666666667
4.72383333333333
4.387
5.756
6.25533333333333
6.61466666666667
6.32
7.14283333333333
7.05983333333333
6.84116666666667
6.4465
6.26266666666667
6.55516666666667
7.26583333333333
8.04166666666667
9.25833333333333
8.81166666666667
7.89016666666667
8.49333333333333
6.90616666666667
6.63066666666667
7.00816666666667
5.79516666666667
4.76333333333333
3.43366666666667
3.84033333333333
5.06633333333333
7.3965
7.4895
7.80833333333333
7.31166666666667
8.047
7.193
7.72566666666667
7.2785
7.20783333333333
8.13166666666667
8.34166666666667
9.50166666666667
10.3083333333333
9.32
9.66
8.89333333333333
7.571
6.12066666666667
4.41483333333333
6.65716666666667
5.9135
5.795
5.17216666666667
4.8715
7.19433333333333
9.32
9.62666666666667
9.02333333333333
8.76666666666667
8.72166666666667
8.23666666666667
7.75666666666667
7.0165
8.116
7.6585
9.695
10.6316666666667
8.67
7.83333333333333
6.70166666666667
6.738
5.364
5.33316666666667
4.74383333333333
4.044
4.5775
5.3435
5.04916666666667
7.05733333333333
10.0
11.2833333333333
11.1766666666667
11.215
10.6983333333333
9.36166666666667
9.96833333333333
9.96833333333333
9.54666666666667
8.88166666666667
9.43833333333333
8.73333333333333
8.93333333333333
8.32
6.8835
6.474
5.90083333333333
4.33783333333333
5.45083333333333
6.892
6.43333333333333
5.14916666666667
5.82133333333333
7.04083333333333
9.79333333333333
10.0183333333333
11.2616666666667
10.585
9.74166666666667
8.92666666666667
8.53166666666667
8.47166666666667
9.85333333333333
9.84
9.585
9.86
9.87666666666667
8.02666666666667
7.26483333333333
5.39416666666667
4.53983333333333
4.32116666666667
3.71683333333333
3.53816666666667
3.989
4.4725
4.43316666666667
5.48733333333333
7.43
9.19833333333333
8.64166666666667
8.28333333333333
7.51816666666667
7.3
7.0915
6.9325
6.2575
6.41533333333333
6.57966666666667
7.1545
6.76616666666667
8.39166666666667
7.84433333333333
6.12133333333333
6.00533333333333
5.15383333333333
4.22816666666667
4.44633333333333
3.27983333333333
3.6795
3.34883333333333
3.36433333333333
5.17116666666667
5.92983333333333
5.308
4.31
4.61366666666667
4.78316666666667
4.96766666666667
5.39583333333333
6.04683333333333
6.77233333333333
7.99933333333333
9.255
9.35333333333333
9.72333333333333
7.89783333333333
7.16816666666667
6.264
4.81783333333333
4.31616666666667
4.692
5.5
4.46016666666667
4.00016666666667
5.56016666666667
6.35283333333333
6.00083333333333
6.13933333333333
5.99533333333333
6.00633333333333
5.4725
5.427
6.62716666666667
6.479
8.35166666666667
9.62166666666667
11.0483333333333
10.4116666666667
9.51666666666667
8.34683333333333
7.46166666666667
8.15166666666667
8.71
6.39366666666667
6.1605
6.22116666666667
6.98216666666667
6.21216666666667
8.1
9.08833333333333
8.75
8.63333333333333
8.82
8.045
7.50033333333333
7.51083333333333
7.72166666666667
7.65583333333333
8.07
8.865
9.00166666666667
8.81333333333333
9.69666666666667
7.63633333333333
5.41383333333333
3.9515
4.90516666666667
2.7215
3.943
4.23316666666667
4.8085
3.92116666666667
6.27433333333333
8.88833333333333
8.9
7.97333333333333
7.99166666666667
7.90283333333333
7.53566666666667
7.68
7.90833333333333
7.83233333333333
8.63333333333333
9.30166666666667
9.74166666666667
9.04833333333333
7.93383333333333
6.07683333333333
4.78666666666667
5.37283333333333
4.90283333333333
3.02383333333333
2.79116666666667
3.08416666666667
3.65616666666667
3.1195
3.47216666666667
6.6555
6.85483333333333
8.06666666666667
6.47966666666667
5.88966666666667
5.34683333333333
5.35766666666667
4.837
6.49533333333333
7.44566666666667
8.42
10.38
10.115
9.18666666666667
7.99566666666667
7.8015
6.00833333333333
6.77983333333333
7.86666666666667
6.195
5.851
4.79266666666667
5.4345
5.87933333333333
6.4475
7.68833333333333
7.46316666666667
6.47983333333333
6.07533333333333
6.70683333333333
7.54333333333333
7.56833333333333
7.76083333333333
8.90166666666667
9.64666666666667
9.96166666666667
9.645
10.4366666666667
10.31
8.12333333333333
7.60933333333333
6.33283333333333
5.89216666666667
5.99133333333333
6.0
5.65383333333333
5.80166666666667
6.4815
7.43266666666667
7.0725
7.37116666666667
6.80683333333333
7.16216666666667
7.42583333333333
6.67483333333333
7.02816666666667
7.72566666666667
8.59333333333334
9.98333333333333
9.90666666666667
10.3933333333333
9.06666666666667
8.635
7.79333333333333
8.72166666666667
8.05833333333333
5.24833333333333
4.54
4.712
4.03133333333333
3.6795
4.56033333333333
6.35416666666667
6.5485
6.32216666666667
5.99516666666667
6.47133333333333
5.72183333333333
5.3785
5.97316666666667
5.726
9.14
10.22
11.0116666666667
9.44333333333333
8.88
8.38333333333333
8.10833333333333
7.945
5.8315
4.785
5.53933333333333
3.84716666666667
3.61666666666667
3.71333333333333
4.25183333333333
7.06366666666667
6.05516666666667
5.99333333333333
5.89633333333333
5.3195
4.10233333333333
3.6915
4.331
3.89216666666667
5.91583333333333
8.705
10.7566666666667
10.4483333333333
9.71333333333333
9.895
8.46333333333333
7.56833333333333
7.11416666666667
6.62016666666667
5.64166666666667
4.94883333333333
5.93666666666667
6.36283333333333
6.75283333333333
7.26383333333333
6.93766666666667
6.6155
7.56666666666667
6.6055
6.32733333333333
6.51866666666667
6.82316666666667
7.71966666666667
8.715
10.465
9.89166666666667
11.2233333333333
9.50333333333333
8.81833333333333
8.33833333333333
7.57666666666667
6.53266666666667
6.42283333333333
6.63216666666667
6.97833333333333
6.59816666666667
7.36116666666667
9.12666666666667
10.0916666666667
10.7183333333333
10.125
9.89166666666667
9.69166666666667
9.36
9.31833333333333
9.17833333333333
9.49
8.97333333333333
9.78666666666667
9.71666666666667
9.64833333333333
9.70166666666667
8.36666666666667
7.965
6.89333333333333
5.26366666666667
4.08433333333333
3.894
3.9
3.62
3.03933333333333
4.98066666666667
7.523
7.35566666666667
7.54283333333333
7.55366666666667
7.98133333333333
7.89166666666667
8.255
8.41833333333333
9.07166666666667
9.12833333333333
9.36333333333333
9.715
8.965
7.82333333333333
7.748
7.06933333333333
6.968
6.48833333333333
6.61633333333333
6.4135
5.26
7.13233333333333
7.48866666666667
8.3785
8.57833333333333
8.58833333333333
8.19166666666667
7.9635
8.14833333333333
7.86333333333333
7.47833333333333
7.78283333333333
7.74
9.16166666666667
9.765
9.10833333333333
9.615
8.345
8.045
7.32316666666667
5.3995
4.54833333333333
5.2115
4.37366666666667
4.64566666666667
4.03616666666667
4.04616666666667
5.70383333333333
8.755
8.54166666666667
7.735
6.85716666666667
6.97216666666667
6.75866666666667
6.91966666666667
6.67383333333333
7.4735
7.98166666666667
9.07833333333333
9.37666666666667
8.91666666666667
8.97833333333333
7.70683333333333
6.4495
6.664
5.74666666666667
3.42583333333333
5.25383333333333
4.42833333333333
3.09283333333333
3.15866666666667
4.699
7.80266666666667
7.161
6.5675
5.03733333333333
5.66216666666667
5.97716666666667
6.11166666666667
7.26083333333333
8.315
7.63716666666667
8.98833333333333
10.7266666666667
10.035
10.1016666666667
9.95333333333333
8.21833333333333
5.99683333333333
4.29283333333333
5.162
4.754
4.03966666666667
4.448
3.69533333333333
6.03833333333333
7.84666666666667
8.085
6.96466666666667
6.48583333333333
5.20766666666667
5.30966666666667
3.95616666666667
4.89783333333333
5.868
5.697
6.93866666666667
8.89666666666667
8.85833333333333
8.62333333333333
8.1595
7.20366666666667
8.515
8.01
7.344
7.40783333333333
5.88083333333333
5.0735
4.814
5.65433333333333
5.84883333333333
6.74133333333333
5.95633333333333
5.56766666666667
5.00583333333333
5.5115
5.4195
5.85083333333333
6.38783333333333
7.6825
9.625
10.455
10.4466666666667
8.385
8.27333333333333
8.10333333333333
7.4335
7.29
6.20083333333333
4.366
4.43783333333333
5.40166666666667
6.1505
6.6405
7.95
7.92266666666667
7.81333333333333
7.37833333333333
7.14233333333333
7.31
6.694
9.13166666666667
9.26666666666667
9.77
11.08
10.3516666666667
10.0333333333333
10.08
8.58666666666667
7.49033333333333
8.01033333333333
6.762
7.09266666666667
5.79383333333333
4.5885
5.08016666666667
6.6135
7.4345
9.13333333333333
9.015
8.51
8.31333333333333
7.68
8.07
7.81716666666667
8.04666666666667
7.45166666666667
7.43183333333333
8.115
9.16666666666667
9.30166666666666
8.69166666666667
8.73833333333334
7.05083333333333
5.798
3.8025
3.22966666666667
4.87716666666667
5.65233333333333
5.061
4.105
5.56633333333333
6.909
7.42866666666667
7.17766666666667
6.4765
7.74033333333333
6.4425
6.292
6.76233333333333
7.24966666666667
8.49
9.23166666666667
9.03833333333333
9.26
9.25166666666667
8.765
6.97416666666667
6.7765
7.7285
6.313
3.98233333333333
4.06383333333333
3.919
3.79516666666667
6.28466666666667
8.40666666666667
9.61333333333333
8.79833333333333
8.78166666666667
8.67666666666667
8.76166666666667
8.55
9.44666666666667
9.65
9.51166666666667
9.44833333333333
10.0983333333333
9.57833333333333
9.87
7.598
6.54883333333333
5.22666666666667
5.461
5.463
5.3595
6.92533333333333
7.4375
4.89216666666667
7.34933333333333
9.09833333333333
9.53833333333333
10.005
9.12333333333333
9.90666666666667
10.1733333333333
9.285
9.16833333333333
10.1183333333333
9.52
10.2366666666667
8.22233333333333
8.67166666666667
8.22333333333333
5.90066666666667
4.65416666666667
4.73
4.32516666666667
3.783
3.50066666666667
1.98783333333333
3.5815
3.589
3.64183333333333
6.10866666666667
7.1625
6.99066666666667
6.79666666666667
6.343
5.92633333333333
6.5815
6.672
6.5935
5.73566666666667
6.16933333333333
8.21083333333333
9.515
8.56666666666667
8.95333333333333
7.389
5.38783333333333
6.1915
5.47883333333333
4.72666666666667
4.11033333333333
3.69266666666667
2.74483333333333
5.31383333333333
7.3325
6.36466666666667
5.77766666666667
5.00883333333333
4.28366666666667
3.54116666666667
3.7405
3.87866666666667
4.53766666666667
4.3935
7.96666666666667
10.1216666666667
9.34666666666667
8.76833333333333
7.76266666666667
6.92933333333333
5.22733333333333
5.2345
4.20216666666667
3.99466666666667
4.04916666666667
4.18366666666667
3.60916666666667
5.951
7.12483333333333
6.91716666666667
6.7875
6.4435
6.15316666666667
6.39466666666667
6.82016666666667
6.67933333333333
6.17233333333333
6.439
7.19066666666667
9.48666666666667
9.88
9.68166666666667
9.01833333333333
8.48833333333333
7.974
7.58333333333333
6.33883333333333
6.02916666666667
5.8295
5.60783333333333
5.17166666666667
5.891
6.04466666666667
6.997
7.33783333333333
6.68416666666667
6.34633333333333
6.2135
6.69366666666667
6.77933333333333
6.442
7.377
9.02166666666667
9.99333333333333
8.87166666666667
8.96666666666667
9.66833333333333
8.42833333333333
8.27333333333333
6.99216666666667
5.76383333333333
6.0375
5.2085
6.4465
5.347
6.38233333333333
6.60716666666667
6.03583333333333
6.25533333333333
6.3695
6.071
5.5035
4.83116666666667
4.31216666666667
5.6205
6.29816666666667
6.96033333333333
8.51666666666667
8.45666666666667
8.795
8.05
7.83833333333333
7.73683333333333
6.54233333333333
6.57366666666667
5.39016666666667
3.01183333333333
3.27216666666667
3.786
4.55516666666667
4.6585
5.04366666666667
5.24683333333333
4.87183333333333
3.95966666666667
3.493
3.31366666666667
3.55366666666667
4.64533333333333
8.57333333333333
9.48666666666667
9.005
9.065
8.02666666666667
9.25833333333333
8.2285
7.37366666666667
6.52033333333333
5.65516666666667
5.0555
4.81733333333333
4.68183333333333
5.12833333333333
6.49233333333333
6.42083333333333
5.28116666666667
5.77066666666667
6.21816666666667
6.04966666666667
4.632
4.93383333333333
5.7965
6.93366666666667
8.35916666666667
8.75666666666667
9.37833333333333
8.65333333333333
8.98166666666667
8.13666666666667
7.64033333333333
7.18483333333333
5.90516666666667
5.35
4.25183333333333
4.13133333333333
3.0995
3.48766666666667
4.1855
5.0685
6.403
5.89116666666667
5.50116666666667
5.45216666666667
5.80833333333333
6.58783333333333
6.51366666666667
6.405
7.47183333333333
8.26833333333333
8.695
9.81833333333333
9.32166666666667
7.4105
5.7765
6.4475
5.80933333333333
5.17583333333333
3.96316666666667
3.73933333333333
3.0915
4.41583333333333
5.06166666666667
6.352
6.3915
6.282
6.068
5.03466666666667
4.21333333333333
5.3885
5.73316666666667
5.78616666666667
7.85833333333333
9.36666666666667
10.3216666666667
10.5616666666667
8.19166666666667
7.9015
6.80083333333333
5.22883333333333
4.66333333333333
3.3585
2.992
3.19833333333333
2.94233333333333
3.64516666666667
4.96516666666667
5.2355
4.55233333333333
5.01266666666667
5.19183333333333
5.35233333333333
5.1835
5.5865
5.27533333333333
5.47466666666667
6.59566666666667
8.74833333333333
8.39666666666667
8.86166666666667
9.02
8.915
7.94833333333333
6.82966666666667
6.16533333333333
5.65383333333333
4.82583333333333
3.94983333333333
4.33333333333333
3.8545
5.09416666666667
6.21233333333333
5.671
5.703
5.28766666666667
4.71266666666667
4.30116666666667
2.9765
4.41083333333333
5.35583333333333
5.80483333333333
8.00666666666667
9.28
9.845
8.52166666666667
8.29
7.77983333333334
6.27983333333333
6.5515
5.41416666666667
5.29
4.45566666666667
4.34883333333333
4.848
4.29266666666667
5.3015
5.6985
5.3875
5.64966666666667
4.29316666666667
4.82716666666667
4.69083333333333
4.62116666666667
5.51183333333333
6.06883333333333
8.15433333333333
9.41833333333333
9.955
10.2533333333333
9.20166666666667
8.88833333333333
7.87666666666667
6.81466666666667
6.44766666666667
5.732
5.18766666666667
5.951
4.49066666666667
5.50966666666667
7.5
7.22333333333333
6.92266666666667
7.81583333333333
7.23133333333333
6.89816666666667
6.58566666666667
5.99583333333333
5.96183333333333
6.47133333333333
7.62883333333334
9.37333333333333
8.55166666666667
9.01666666666667
8.17166666666667
8.67333333333333
5.65383333333333
5.34333333333333
5.406
5.18466666666667
6.23633333333333
6.33466666666667
6.37
6.51333333333333
8.155
8.355
7.57183333333333
6.79383333333333
5.52783333333333
5.3705
4.98216666666667
4.172
4.19916666666667
4.937
5.4665
7.229
9.82166666666667
10.4233333333333
9.035
7.54833333333333
7.10966666666667
5.94633333333333
6.00066666666667
5.21833333333333
4.1535
4.19533333333333
4.81316666666667
6.1825
6.90733333333333
6.5495
5.5545
5.41833333333333
5.45883333333333
5.7055
4.66966666666667
4.95916666666667
4.79533333333333
4.62533333333333
6.88416666666667
10.56
11.025
10.2133333333333
9.41166666666667
8.025
7.525
5.94833333333333
6.32
5.4985
5.18583333333333
4.34483333333333
3.826
5.06216666666667
6.94066666666667
5.94583333333333
5.32
5.0705
3.9105
4.14966666666667
4.698
4.84433333333333
5.08966666666667
6.37516666666667
7.665
10.1433333333333
11.2183333333333
9.7
9.43666666666667
8.59666666666667
7.83166666666667
6.9495
7.04116666666667
6.56416666666667
4.99833333333333
5.10966666666667
4.98166666666667
5.02466666666667
5.89233333333333
5.78066666666667
5.76166666666667
5.10716666666667
4.09433333333333
3.62366666666667
3.97333333333333
3.66133333333333
4.962
4.1405
6.18383333333333
9.93333333333333
10.8033333333333
9.27
9.24166666666667
8.75666666666667
7.84683333333333
6.78833333333333
5.9575
6.20683333333333
5.0635
3.42216666666667
3.5885
5.2055
5.59466666666667
4.6035
5.855
5.66316666666667
5.5465
5.3195
4.93716666666667
4.619
5.05583333333333
6.88333333333333
10.02
10.2916666666667
8.34666666666667
9.705
9.09166666666667
7.07566666666667
5.9245
5.09466666666667
4.97133333333333
3.593
2.8155
3.92483333333333
4.722
4.72933333333333
4.815
3.95533333333333
2.32016666666667
2.77116666666667
2.68233333333333
2.703
2.39416666666667
2.66616666666667
2.08016666666667
2.2055
4.551
9.61166666666667
10.525
9.58666666666667
7.70033333333333
6.9145
5.86016666666667
5.42583333333333
4.69816666666667
2.7335
4.0355
3.6815
3.39566666666667
4.903
4.62433333333333
4.27116666666667
4.34933333333333
4.58316666666667
3.72533333333333
2.71216666666667
2.75583333333333
3.21316666666667
3.132
3.8295
5.60816666666667
10.3466666666667
10.0266666666667
8.35
7.3115
5.96666666666667
5.31633333333333
4.17333333333333
3.86533333333333
2.97216666666667
2.4235
1.60233333333333
2.25533333333333
4.22916666666667
7.2485
6.75916666666667
6.34516666666667
6.87683333333333
6.58266666666667
5.54383333333333
5.67866666666667
5.98366666666667
6.89333333333333
8.84833333333333
9.57333333333333
9.50666666666667
9.825
9.385
7.45933333333333
6.71716666666667
6.01616666666667
4.95733333333333
4.29
3.5385
4.28633333333333
4.38183333333333
4.796
4.96916666666667
6.5815
6.355
5.01
4.77
4.3985
3.4315
4.22916666666667
4.05916666666667
7.84933333333333
11.22
9.92666666666667
9.955
9.41166666666667
9.32833333333333
8.85166666666667
6.60566666666667
6.3415
5.61866666666667
6.28433333333333
6.63083333333333
6.62966666666667
6.283
5.83233333333333
6.275
6.65616666666667
6.24283333333333
7.127
6.61433333333333
6.23666666666667
5.676
4.96166666666667
4.85766666666667
5.51483333333333
7.08483333333333
8.00666666666667
8.005
9.60833333333333
10.3133333333333
10.1766666666667
8.63333333333333
8.14
6.341
5.4305
4.52266666666667
3.68916666666667
3.66983333333333
3.71083333333333
5.95633333333333
8.40166666666667
8.55
8.04166666666667
7.08116666666667
6.80783333333333
6.20683333333333
6.29016666666667
5.70016666666667
6.1295
7.3475
10.1933333333333
10.1
9.86166666666667
9.76833333333333
7.89166666666667
7.006
4.88566666666667
4.44883333333333
3.93833333333333
2.6945
2.64066666666667
3.32183333333333
2.72316666666667
3.10433333333333
5.13933333333333
5.42466666666667
4.5595
5.516
4.752
5.94183333333333
4.14933333333333
5.71366666666667
8.92333333333333
6.95333333333333
5.3835
4.62
4.87066666666667
5.71183333333333
5.82933333333333
6.4325
5.92016666666667
6.29133333333333
5.04966666666667
3.99216666666667
4.5205
4.6535
4.55033333333333
4.91733333333333
6.682
6.6915
7.73966666666667
5.745
4.571
5.5475
8.465
7.59
5.48233333333333
6.25816666666667
7.02316666666667
6.34083333333333
6.89216666666667
7.92766666666667
7.4695
6.92633333333333
6.123
5.6245
4.8745
4.14333333333333
3.868
3.56966666666667
2.506
3.93716666666667
5.53016666666667
5.10383333333333
5.10633333333333
4.6475
4.1595
3.30766666666667
3.73316666666667
2.42866666666667
3.484
7.8565
11.5433333333333
9.58333333333333
8.78833333333333
8.0555
7.985
6.85816666666667
5.771
5.32216666666667
5.09733333333333
4.5355
3.49316666666667
4.31916666666667
4.26833333333333
4.67966666666667
6.3005
6.78233333333333
6.16533333333333
5.22416666666667
5.02916666666667
4.71783333333333
5.08466666666667
6.245
6.9315
9.46333333333333
9.78166666666667
10.57
10.3466666666667
8.53166666666667
8.00333333333333
7.61633333333333
5.8045
5.63166666666667
4.3445
4.1245
4.8745
4.25566666666667
4.58083333333333
4.43966666666667
5.04
5.90766666666667
5.90566666666667
5.30083333333333
5.01166666666667
5.56066666666667
5.0545
5.39666666666667
7.58166666666667
8.21533333333333
6.39
7.73016666666667
9.13333333333333
7.94033333333333
6.112
4.394
3.44783333333333
5.01533333333333
3.84
2.3565
2.87116666666667
0.736333333333333
0.778333333333333
1.04383333333333
2.9495
4.2365
5.8985
5.477
5.75083333333333
5.76366666666667
6.00883333333333
6.16883333333333
6.10166666666667
9.32833333333333
8.77833333333333
8.79
9.12
7.57333333333333
7.6185
5.07616666666667
4.17783333333333
2.3845
2.64333333333333
3.99383333333333
1.646
0.7515
0.0315
1.55983333333333
4.49366666666667
5.61383333333333
6.11116666666667
6.62083333333333
6.27633333333333
6.19433333333333
7.07116666666667
8.14166666666667
7.54733333333333
8.06166666666667
8.20166666666667
9.08333333333333
8.371
7.616
5.945
6.4715
6.27983333333333
6.51116666666667
5.16116666666667
5.122
5.46816666666667
5.31383333333333
5.08683333333333
6.65283333333333
7.62
7.345
7.71833333333333
7.03033333333333
6.515
6.637
6.1455
6.064
6.359
7.82
8.19183333333333
9.52
10.0266666666667
9.46166666666667
9.29166666666667
9.145
7.28116666666667
8.085
6.93333333333333
4.707
3.545
3.944
4.176
5.7845
7.685
7.70666666666667
8.26833333333333
7.55733333333333
6.91216666666667
7.143
6.85
6.7685
6.69966666666667
7.30916666666667
7.70833333333333
9.17
10.1833333333333
9.345
9.275
8.15666666666667
7.14616666666667
6.81383333333333
5.9495
5.7745
4.5525
3.225
3.049
3.84416666666667
6.90933333333333
6.639
7.20166666666667
6.74983333333333
6.76516666666667
5.51066666666667
5.25733333333333
4.7235
4.83283333333333
6.82333333333333
8.465
10.2066666666667
10.43
9.32666666666667
9.36333333333333
6.92466666666667
7.31883333333333
7.55933333333333
6.9985
5.44633333333333
4.37916666666667
4.4645
4.44233333333333
5.43066666666667
5.972
6.32383333333333
6.46283333333333
6.17233333333333
6.28466666666667
5.98183333333333
4.84566666666667
5.69933333333333
5.588
7.176
10.1566666666667
9.68333333333333
10.7116666666667
9.395
9.26833333333333
7.40833333333333
7.93666666666667
6.905
6.21133333333333
6.03716666666667
4.4415
4.212
3.8795
5.647
7.99666666666667
7.21066666666667
6.58633333333333
6.0855
5.7585
5.7085
5.97733333333333
6.02766666666667
6.38433333333333
6.511
7.25883333333333
8.64666666666667
9.61166666666667
9.205
9.545
8.89666666666667
8.80333333333333
7.30633333333333
6.47483333333333
4.31016666666667
4.59783333333333
4.38133333333333
3.8025
3.97316666666667
5.4255
5.796
6.282
6.41216666666667
6.023
5.5665
6.41266666666667
6.2045
6.3305
7.01283333333333
6.94533333333333
7.79033333333333
10.405
9.65333333333333
9.06166666666667
7.9325
6.54066666666667
7.31016666666667
5.84233333333333
3.796
4.00183333333333
4.32066666666667
3.68333333333333
4.18516666666667
6.50016666666667
6.21216666666667
5.50166666666667
4.7985
4.35466666666667
3.091
2.963
4.67333333333333
6.03716666666667
6.8325
8.52333333333333
10.4316666666667
10.17
9.7
8.50333333333333
7.62
7.51683333333333
6.65516666666667
6.03716666666667
4.2005
5.33116666666667
4.97183333333333
4.3965
4.90383333333333
6.08733333333333
6.22916666666667
5.91366666666667
6.385
6.42983333333333
5.68366666666667
5.62783333333333
5.61416666666667
5.42116666666667
7.99566666666667
10.485
9.54
8.76
8.535
8.92
8.24166666666667
7.02516666666667
6.22333333333333
6.254
4.849
5.214
4.42016666666667
3.4775
5.25783333333333
5.25966666666667
5.09766666666667
6.26016666666667
5.89133333333333
5.857
6.304
6.68033333333333
2.6115
1.3925
4.23066666666667
7.488
7.406
7.82583333333333
7.76766666666667
7.54083333333333
7.48
6.57666666666667
6.11683333333333
5.45283333333333
5.99216666666667
4.67666666666667
4.7515
3.76933333333333
4.76333333333333
6.96666666666667
7.93833333333333
6.6195
6.09916666666667
5.942
5.03816666666667
4.36983333333333
4.467
4.043
5.27133333333333
5.59
9.33166666666667
9.85833333333333
10.1216666666667
9.68166666666667
9.21
7.33066666666667
7.157
5.20533333333333
4.05833333333333
4.65016666666667
5.2215
3.4345
3.72766666666667
6.49366666666667
6.1215
5.82283333333333
5.2405
3.799
3.57833333333333
2.451
3.03233333333333
3.9535
5.39466666666667
7.17766666666667
9.47
9.85833333333333
9.95
9.125
8.16
7.56733333333333
7.08933333333333
8.26666666666667
6.37566666666667
5.04283333333333
4.56033333333333
3.58933333333333
3.52366666666667
4.4595
4.98533333333333
5.2755
5.802
5.64433333333333
4.72366666666667
4.19
5.03566666666667
6.05383333333333
8.47166666666667
10.2183333333333
10.0366666666667
9.65
9.05333333333333
7.18033333333333
6.15266666666667
5.797
6.5765
6.25033333333333
5.74733333333333
5.39183333333333
4.71983333333333
4.79816666666667
6.79066666666667
7.52
7.05566666666667
7.0515
6.25883333333333
6.19416666666667
5.937
5.02083333333333
5.92916666666667
6.69383333333333
8.30166666666667
9.25833333333333
9.82166666666667
11.2233333333333
9.92333333333333